0 0.6140625 0.48333333333333334 0.63359375 0.49444444444444446 0.6578125 0.5194444444444445 0.66328125 0.5222222222222223 0.6703125 0.5388888888888889 0.671875 0.55 0.671875 0.5541666666666667 0.6671875 0.5583333333333333 0.61796875 0.5597222222222222 0.6078125 0.5583333333333333 0.60625 0.5555555555555556 0.60703125 0.4847222222222222 0.61328125 0.48333333333333334
0 0.31171875 0.18194444444444444 0.3234375 0.19166666666666668 0.32578125 0.2 0.3078125 0.20277777777777778 0.3 0.2013888888888889 0.29609375 0.19166666666666668 0.29609375 0.18611111111111112 0.303125 0.18055555555555555 0.3109375 0.18194444444444444
0 0.29609375 0.24722222222222223 0.29921875 0.2513888888888889 0.32734375 0.2513888888888889 0.334375 0.2611111111111111 0.33515625 0.2708333333333333 0.3125 0.2708333333333333 0.3015625 0.2763888888888889 0.29609375 0.2861111111111111 0.29375 0.2652777777777778 0.2953125 0.24861111111111112
0 0.38359375 0.2569444444444444 0.4046875 0.2708333333333333 0.41171875 0.28194444444444444 0.41328125 0.28888888888888886 0.40859375 0.2916666666666667 0.38125 0.29305555555555557 0.359375 0.2916666666666667 0.35625 0.28888888888888886 0.3546875 0.275 0.35859375 0.2652777777777778 0.36328125 0.2611111111111111 0.3828125 0.2569444444444444
0 0.453125 0.42777777777777776 0.46640625 0.4388888888888889 0.46640625 0.4527777777777778 0.4703125 0.46944444444444444 0.46796875 0.4777777777777778 0.4546875 0.4847222222222222 0.41953125 0.4875 0.4046875 0.4875 0.3984375 0.48333333333333334 0.39296875 0.475 0.3859375 0.45694444444444443 0.3859375 0.43472222222222223 0.39453125 0.42916666666666664 0.40703125 0.4263888888888889 0.45234375 0.42777777777777776
0 0.3640625 0.3541666666666667 0.38984375 0.35694444444444445 0.40234375 0.37083333333333335 0.4046875 0.37777777777777777 0.40546875 0.39305555555555555 0.40078125 0.4 0.3578125 0.39861111111111114 0.3515625 0.3958333333333333 0.34296875 0.3861111111111111 0.340625 0.37777777777777777 0.34140625 0.36666666666666664 0.3390625 0.3625 0.3421875 0.35555555555555557 0.36328125 0.3541666666666667
0 0.47109375 0.3486111111111111 0.484375 0.3527777777777778 0.50546875 0.37222222222222223 0.50625 0.37777777777777777 0.50390625 0.3902777777777778 0.49453125 0.3972222222222222 0.48125 0.4 0.453125 0.39861111111111114 0.44453125 0.39305555555555555 0.43515625 0.38055555555555554 0.434375 0.3611111111111111 0.4421875 0.35833333333333334 0.4453125 0.3541666666666667 0.4703125 0.3486111111111111
0 0.3453125 0.24305555555555555 0.35859375 0.24722222222222223 0.3609375 0.25277777777777777 0.359375 0.25833333333333336 0.353125 0.25833333333333336 0.34921875 0.2625 0.33828125 0.2625 0.33203125 0.2513888888888889 0.334375 0.24444444444444444 0.34453125 0.24305555555555555
0 0.32890625 0.2708333333333333 0.3359375 0.27361111111111114 0.34609375 0.2902777777777778 0.34375 0.29305555555555557 0.3296875 0.29444444444444445 0.3 0.29444444444444445 0.2953125 0.2902777777777778 0.29609375 0.28055555555555556 0.30234375 0.275 0.31328125 0.2708333333333333 0.328125 0.2708333333333333
0 0.2734375 0.175 0.27578125 0.17777777777777778 0.27734375 0.18888888888888888 0.26484375 0.19444444444444445 0.26015625 0.2 0.25546875 0.2 0.253125 0.19583333333333333 0.253125 0.175 0.25546875 0.17083333333333334 0.265625 0.17083333333333334 0.27265625 0.175
0 0.3 0.2 0.328125 0.2013888888888889 0.3359375 0.20555555555555555 0.3390625 0.2111111111111111 0.3375 0.21805555555555556 0.3265625 0.225 0.309375 0.225 0.3 0.21944444444444444 0.3 0.2013888888888889
0 0.29375 0.1986111111111111 0.2984375 0.20694444444444443 0.2953125 0.21666666666666667 0.2734375 0.225 0.26875 0.2222222222222222 0.265625 0.21388888888888888 0.265625 0.20833333333333334 0.26953125 0.2 0.27890625 0.19444444444444445 0.2875 0.19444444444444445 0.29296875 0.1986111111111111
0 0.303125 0.16944444444444445 0.30859375 0.18194444444444444 0.29765625 0.19305555555555556 0.284375 0.18888888888888888 0.2796875 0.18472222222222223 0.27890625 0.17916666666666667 0.29765625 0.16805555555555557 0.30234375 0.16944444444444445
0 0.58359375 0.6055555555555555 0.60234375 0.6208333333333333 0.621875 0.6416666666666667 0.6484375 0.6763888888888889 0.68046875 0.7041666666666667 0.67421875 0.7138888888888889 0.65703125 0.7208333333333333 0.6484375 0.7277777777777777 0.61875 0.7347222222222223 0.58671875 0.7527777777777778 0.58359375 0.7513888888888889 0.58359375 0.7222222222222222 0.575 0.7055555555555556 0.575 0.7013888888888888 0.5640625 0.6861111111111111 0.5578125 0.6694444444444444 0.534375 0.6375 0.5359375 0.6277777777777778 0.5515625 0.6152777777777778 0.5703125 0.6041666666666666 0.5828125 0.6055555555555555
0 0.3390625 0.2986111111111111 0.359375 0.30277777777777776 0.37421875 0.32083333333333336 0.3765625 0.32916666666666666 0.36796875 0.3416666666666667 0.34296875 0.3416666666666667 0.33125 0.3388888888888889 0.325 0.3333333333333333 0.31640625 0.3138888888888889 0.31640625 0.30972222222222223 0.32265625 0.3013888888888889 0.33828125 0.2986111111111111
0 0.2828125 0.14305555555555555 0.290625 0.1486111111111111 0.2828125 0.16805555555555557 0.275 0.1736111111111111 0.26875 0.17083333333333334 0.26484375 0.16527777777777777 0.26796875 0.15416666666666667 0.28203125 0.14444444444444443
0 0.42890625 0.2972222222222222 0.4359375 0.3013888888888889 0.4421875 0.30972222222222223 0.44609375 0.31666666666666665 0.44609375 0.32083333333333336 0.43203125 0.3347222222222222 0.4140625 0.3375 0.40078125 0.33611111111111114 0.38984375 0.31527777777777777 0.38984375 0.30694444444444446 0.39375 0.3 0.39765625 0.2986111111111111 0.428125 0.2972222222222222