0 0.34609375 0.2861111111111111 0.35078125 0.2986111111111111 0.35703125 0.30277777777777776 0.35703125 0.30833333333333335 0.34453125 0.30972222222222223 0.32421875 0.32083333333333336 0.31640625 0.32083333333333336 0.31015625 0.31666666666666665 0.30546875 0.3 0.30859375 0.29583333333333334 0.30546875 0.29305555555555557 0.31015625 0.2875 0.321875 0.28194444444444444 0.33984375 0.28194444444444444 0.3453125 0.2861111111111111
0 0.38203125 0.2611111111111111 0.40078125 0.26944444444444443 0.40546875 0.275 0.41640625 0.28055555555555556 0.421875 0.2902777777777778 0.41953125 0.29583333333333334 0.41484375 0.29583333333333334 0.4125 0.30277777777777776 0.4 0.3111111111111111 0.3796875 0.3111111111111111 0.365625 0.3055555555555556 0.36484375 0.3 0.36640625 0.29583333333333334 0.36171875 0.2902777777777778 0.36328125 0.28194444444444444 0.35859375 0.2708333333333333 0.371875 0.2625 0.38125 0.2611111111111111
0 0.40234375 0.375 0.41171875 0.37916666666666665 0.4203125 0.39305555555555555 0.4296875 0.4027777777777778 0.43125 0.40555555555555556 0.43125 0.4166666666666667 0.428125 0.4222222222222222 0.396875 0.425 0.375 0.4236111111111111 0.3640625 0.41944444444444445 0.34921875 0.39444444444444443 0.3484375 0.37916666666666665 0.3859375 0.3736111111111111 0.4015625 0.375
0 0.2984375 0.16527777777777777 0.3140625 0.18472222222222223 0.3 0.19722222222222222 0.2875 0.19305555555555556 0.28046875 0.18333333333333332 0.28125 0.17777777777777778 0.28515625 0.1736111111111111 0.29765625 0.16527777777777777
0 0.540625 0.4041666666666667 0.578125 0.44027777777777777 0.5796875 0.45 0.578125 0.46111111111111114 0.56953125 0.46111111111111114 0.5625 0.46944444444444444 0.54453125 0.4708333333333333 0.5078125 0.4666666666666667 0.4875 0.4444444444444444 0.48359375 0.43333333333333335 0.4859375 0.425 0.5078125 0.4111111111111111 0.53984375 0.4041666666666667
0 0.5 0.4930555555555556 0.50546875 0.5083333333333333 0.53984375 0.55 0.54296875 0.5569444444444445 0.54296875 0.5638888888888889 0.540625 0.5666666666666667 0.51640625 0.5694444444444444 0.4953125 0.5680555555555555 0.4953125 0.5722222222222222 0.51015625 0.5736111111111111 0.4890625 0.5833333333333334 0.48359375 0.5833333333333334 0.475 0.5736111111111111 0.49375 0.5722222222222222 0.49296875 0.5680555555555555 0.46796875 0.5680555555555555 0.46015625 0.5652777777777778 0.4484375 0.5541666666666667 0.4296875 0.5291666666666667 0.425 0.5208333333333334 0.42421875 0.5111111111111111 0.428125 0.5069444444444444 0.44765625 0.5041666666666667 0.47109375 0.49444444444444446 0.49921875 0.4930555555555556
0 0.2375 0.10555555555555556 0.23984375 0.11388888888888889 0.2390625 0.1361111111111111 0.23671875 0.14305555555555555 0.23203125 0.14583333333333334 0.22265625 0.14027777777777778 0.21640625 0.12638888888888888 0.2328125 0.10555555555555556 0.23671875 0.10555555555555556
0 0.32109375 0.24027777777777778 0.33203125 0.24444444444444444 0.33515625 0.25277777777777777 0.33515625 0.2611111111111111 0.3125 0.25972222222222224 0.3 0.2638888888888889 0.29609375 0.2638888888888889 0.29296875 0.25416666666666665 0.29453125 0.24305555555555555 0.29921875 0.24027777777777778 0.3203125 0.24027777777777778
0 0.6875 0.5902777777777778 0.71328125 0.5944444444444444 0.75859375 0.6375 0.78203125 0.6777777777777778 0.78203125 0.6916666666666667 0.77890625 0.6958333333333333 0.7609375 0.6916666666666667 0.74453125 0.6972222222222222 0.70625 0.7 0.69140625 0.7 0.68046875 0.6944444444444444 0.66015625 0.6722222222222223 0.6515625 0.6583333333333333 0.6328125 0.6402777777777777 0.62109375 0.6083333333333333 0.6328125 0.5958333333333333 0.6421875 0.5916666666666667 0.68671875 0.5902777777777778
0 0.3671875 0.3111111111111111 0.37734375 0.31666666666666665 0.37890625 0.3347222222222222 0.3875 0.35 0.38984375 0.35833333333333334 0.3875 0.36527777777777776 0.37734375 0.36944444444444446 0.33828125 0.3680555555555556 0.3359375 0.3486111111111111 0.328125 0.325 0.32734375 0.32083333333333336 0.3296875 0.31666666666666665 0.3375 0.3111111111111111 0.36640625 0.3111111111111111
0 0.3328125 0.2611111111111111 0.33828125 0.2652777777777778 0.34140625 0.27361111111111114 0.34140625 0.28194444444444444 0.32578125 0.28194444444444444 0.31171875 0.28888888888888886 0.3 0.2861111111111111 0.29609375 0.2763888888888889 0.296875 0.2652777777777778 0.309375 0.2611111111111111 0.33203125 0.2611111111111111
0 0.36015625 0.24305555555555555 0.3671875 0.25416666666666665 0.36875 0.2625 0.365625 0.26666666666666666 0.35703125 0.26944444444444443 0.3453125 0.26944444444444443 0.3421875 0.26666666666666666 0.33828125 0.2611111111111111 0.3359375 0.24861111111111112 0.3390625 0.24305555555555555 0.359375 0.24305555555555555
0 0.26640625 0.1736111111111111 0.2765625 0.18055555555555555 0.2859375 0.19583333333333333 0.2703125 0.20972222222222223 0.26484375 0.20972222222222223 0.2546875 0.20277777777777778 0.25234375 0.19166666666666668 0.25234375 0.18055555555555555 0.2546875 0.1763888888888889 0.265625 0.1736111111111111
0 0.4390625 0.3 0.44453125 0.30416666666666664 0.44765625 0.31805555555555554 0.4578125 0.33611111111111114 0.46328125 0.3416666666666667 0.4671875 0.35138888888888886 0.4609375 0.35694444444444445 0.425 0.3638888888888889 0.41328125 0.3625 0.409375 0.3375 0.40390625 0.32222222222222224 0.40390625 0.31527777777777777 0.40703125 0.30833333333333335 0.4109375 0.3055555555555556 0.42109375 0.3013888888888889 0.43828125 0.3