0 0.57890625 0.44305555555555554 0.60078125 0.45694444444444443 0.60546875 0.4652777777777778 0.60625 0.4625 0.609375 0.4625 0.62265625 0.48333333333333334 0.6265625 0.4847222222222222 0.628125 0.49583333333333335 0.6265625 0.5027777777777778 0.60859375 0.5055555555555555 0.60625 0.5013888888888889 0.60546875 0.4666666666666667 0.60390625 0.4736111111111111 0.60390625 0.5013888888888889 0.59921875 0.5083333333333333 0.56875 0.5083333333333333 0.55234375 0.5041666666666667 0.53125 0.4888888888888889 0.51953125 0.4736111111111111 0.51875 0.46111111111111114 0.52578125 0.45 0.5515625 0.4444444444444444 0.578125 0.44305555555555554
0 0.41640625 0.2847222222222222 0.421875 0.28888888888888886 0.42578125 0.2972222222222222 0.434375 0.30277777777777776 0.4390625 0.3125 0.4296875 0.31805555555555554 0.42265625 0.3277777777777778 0.409375 0.32916666666666666 0.39375 0.3277777777777778 0.3890625 0.32083333333333336 0.38359375 0.30277777777777776 0.3875 0.2986111111111111 0.4046875 0.2986111111111111 0.40546875 0.29444444444444445 0.3890625 0.29305555555555557 0.39453125 0.2875 0.415625 0.2847222222222222
0 0.3640625 0.25416666666666665 0.36796875 0.25972222222222224 0.38359375 0.25416666666666665 0.3984375 0.26666666666666666 0.40390625 0.275 0.4046875 0.28194444444444444 0.3828125 0.29305555555555557 0.359375 0.2916666666666667 0.35234375 0.28888888888888886 0.3484375 0.28194444444444444 0.34921875 0.2611111111111111 0.35546875 0.25277777777777777 0.36328125 0.25416666666666665
0 0.359375 0.3388888888888889 0.384375 0.34444444444444444 0.396875 0.35694444444444445 0.3984375 0.3597222222222222 0.39765625 0.36527777777777776 0.3796875 0.375 0.3453125 0.37222222222222223 0.33515625 0.36527777777777776 0.33046875 0.35138888888888886 0.334375 0.3416666666666667 0.35859375 0.3388888888888889
0 0.52265625 0.5486111111111112 0.53671875 0.5625 0.53984375 0.5708333333333333 0.559375 0.5805555555555556 0.58671875 0.6083333333333333 0.6046875 0.6222222222222222 0.60078125 0.6305555555555555 0.5875 0.6416666666666667 0.55546875 0.6555555555555556 0.5453125 0.6513888888888889 0.525 0.6319444444444444 0.50234375 0.6055555555555555 0.4921875 0.5972222222222222 0.4765625 0.5763888888888888 0.48359375 0.5638888888888889 0.50390625 0.5486111111111112 0.50859375 0.5458333333333333 0.521875 0.5486111111111112
0 0.4625 0.33611111111111114 0.4796875 0.35138888888888886 0.4828125 0.3625 0.4734375 0.36944444444444446 0.44453125 0.3736111111111111 0.43515625 0.3736111111111111 0.42109375 0.3638888888888889 0.415625 0.35555555555555557 0.4140625 0.3458333333333333 0.41796875 0.3416666666666667 0.44609375 0.33194444444444443 0.45625 0.33194444444444443 0.46171875 0.33611111111111114
0 0.321875 0.2638888888888889 0.33125 0.26805555555555555 0.33828125 0.2791666666666667 0.3421875 0.2902777777777778 0.32109375 0.29305555555555557 0.296875 0.2916666666666667 0.2953125 0.2902777777777778 0.29453125 0.2763888888888889 0.29453125 0.2708333333333333 0.3015625 0.26666666666666666 0.32109375 0.2638888888888889
0 0.325 0.25 0.32890625 0.2611111111111111 0.32734375 0.2652777777777778 0.30390625 0.26666666666666666 0.29296875 0.2652777777777778 0.290625 0.25416666666666665 0.29296875 0.24861111111111112 0.31875 0.24583333333333332 0.32421875 0.25
0 0.2859375 0.19583333333333333 0.29296875 0.20277777777777778 0.29296875 0.2152777777777778 0.2875 0.22083333333333333 0.2796875 0.21944444444444444 0.271875 0.225 0.26484375 0.21944444444444444 0.26328125 0.20694444444444443 0.271875 0.19722222222222222 0.28515625 0.19583333333333333
0 0.35234375 0.2986111111111111 0.36484375 0.30833333333333335 0.36875 0.31527777777777777 0.36875 0.32083333333333336 0.35859375 0.33055555555555555 0.3484375 0.3333333333333333 0.32421875 0.33055555555555555 0.315625 0.31805555555555554 0.309375 0.30277777777777776 0.32265625 0.2986111111111111 0.3515625 0.2986111111111111
0 0.765625 0.6944444444444444 0.7703125 0.6958333333333333 0.77734375 0.7041666666666667 0.77890625 0.7166666666666667 0.82265625 0.8069444444444445 0.8265625 0.8194444444444444 0.86953125 0.9111111111111111 0.8703125 0.9194444444444444 0.8640625 0.925 0.8359375 0.9347222222222222 0.825 0.9333333333333333 0.8140625 0.9541666666666667 0.80234375 0.9583333333333334 0.79765625 0.9652777777777778 0.7890625 0.9694444444444444 0.77578125 0.9888888888888889 0.771875 0.9902777777777778 0.76796875 0.9833333333333333 0.76328125 0.9625 0.7515625 0.9277777777777778 0.73671875 0.8902777777777777 0.72109375 0.8611111111111112 0.71484375 0.8277777777777777 0.696875 0.7944444444444444 0.68984375 0.7666666666666667 0.67890625 0.75 0.690625 0.7402777777777778 0.728125 0.725 0.7375 0.7111111111111111 0.74765625 0.7041666666666667 0.7546875 0.7041666666666667 0.76484375 0.6958333333333333
0 0.40859375 0.39305555555555555 0.41640625 0.39305555555555555 0.425 0.39861111111111114 0.44609375 0.43194444444444446 0.4453125 0.44166666666666665 0.44296875 0.4444444444444444 0.43515625 0.45 0.41796875 0.45416666666666666 0.3796875 0.4527777777777778 0.3625 0.4111111111111111 0.3625 0.4041666666666667 0.365625 0.4 0.3796875 0.39861111111111114 0.39140625 0.39305555555555555 0.4078125 0.39305555555555555