0 0.4578125 0.3347222222222222 0.48125 0.35 0.4859375 0.3597222222222222 0.4859375 0.36944444444444446 0.484375 0.375 0.48125 0.3763888888888889 0.43671875 0.3763888888888889 0.42890625 0.3736111111111111 0.415625 0.3625 0.4140625 0.3597222222222222 0.4140625 0.3458333333333333 0.41796875 0.3375 0.43984375 0.3333333333333333 0.45703125 0.3347222222222222
0 0.3796875 0.2569444444444444 0.396875 0.26805555555555555 0.409375 0.28888888888888886 0.3875 0.29444444444444445 0.36484375 0.2916666666666667 0.36015625 0.2791666666666667 0.3609375 0.27361111111111114 0.36875 0.2638888888888889 0.37890625 0.25833333333333336
0 0.546875 0.5736111111111111 0.5578125 0.5805555555555556 0.58359375 0.6111111111111112 0.59453125 0.6166666666666667 0.60078125 0.625 0.6140625 0.6305555555555555 0.628125 0.6458333333333334 0.6328125 0.6569444444444444 0.63125 0.6638888888888889 0.61953125 0.6694444444444444 0.60625 0.6833333333333333 0.58984375 0.6902777777777778 0.575 0.7013888888888888 0.56796875 0.6972222222222222 0.56015625 0.6819444444444445 0.5546875 0.6763888888888889 0.546875 0.6583333333333333 0.51171875 0.6194444444444445 0.50234375 0.6027777777777777 0.50234375 0.6 0.52109375 0.5777777777777777 0.53125 0.5736111111111111 0.54609375 0.5736111111111111
0 0.28984375 0.20277777777777778 0.29453125 0.20833333333333334 0.2984375 0.22083333333333333 0.28984375 0.225 0.2765625 0.2222222222222222 0.26953125 0.22777777777777777 0.26484375 0.22361111111111112 0.26171875 0.21388888888888888 0.2625 0.2111111111111111 0.28046875 0.2 0.2890625 0.20277777777777778
0 0.56875 0.44166666666666665 0.58203125 0.44583333333333336 0.6015625 0.4638888888888889 0.60390625 0.46944444444444444 0.60390625 0.49444444444444446 0.60234375 0.49722222222222223 0.603125 0.5083333333333333 0.6 0.5152777777777777 0.55 0.5152777777777777 0.5328125 0.4986111111111111 0.51796875 0.4791666666666667 0.5171875 0.46805555555555556 0.52265625 0.46111111111111114 0.5453125 0.44722222222222224 0.56796875 0.44166666666666665
0 0.31640625 0.24722222222222223 0.3265625 0.25416666666666665 0.328125 0.26805555555555555 0.30234375 0.26944444444444443 0.29375 0.2791666666666667 0.28828125 0.26944444444444443 0.2859375 0.25416666666666665 0.2875 0.24861111111111112 0.29921875 0.24444444444444444 0.315625 0.24722222222222223
0 0.2484375 0.17777777777777778 0.26328125 0.17777777777777778 0.271875 0.18194444444444444 0.27265625 0.18611111111111112 0.27265625 0.18888888888888888 0.26171875 0.19305555555555556 0.2546875 0.20277777777777778 0.25078125 0.2 0.2484375 0.19305555555555556 0.2484375 0.17916666666666667
0 0.26875 0.18611111111111112 0.28203125 0.19166666666666668 0.29296875 0.20555555555555555 0.29375 0.2125 0.28671875 0.20694444444444443 0.2765625 0.20694444444444443 0.265625 0.21666666666666667 0.2578125 0.2125 0.25390625 0.20555555555555555 0.25390625 0.1986111111111111 0.26015625 0.19027777777777777 0.26796875 0.1875
0 0.296875 0.1763888888888889 0.30703125 0.18194444444444444 0.32265625 0.20277777777777778 0.3234375 0.20694444444444443 0.32109375 0.2125 0.3125 0.21944444444444444 0.303125 0.21944444444444444 0.3 0.21666666666666667 0.2859375 0.19305555555555556 0.2859375 0.1763888888888889 0.29609375 0.1763888888888889
0 0.4359375 0.3055555555555556 0.440625 0.3138888888888889 0.43828125 0.32222222222222224 0.40703125 0.33194444444444443 0.39765625 0.33055555555555555 0.38203125 0.31666666666666665 0.38046875 0.30833333333333335 0.38359375 0.30277777777777776 0.3890625 0.2986111111111111 0.421875 0.29583333333333334 0.43203125 0.3 0.43515625 0.3055555555555556
0 0.3359375 0.34305555555555556 0.3828125 0.3416666666666667 0.39296875 0.35833333333333334 0.39296875 0.37916666666666665 0.390625 0.3819444444444444 0.35234375 0.3819444444444444 0.33203125 0.37777777777777777 0.328125 0.37083333333333335 0.328125 0.3458333333333333 0.33515625 0.34305555555555556
0 0.33671875 0.2986111111111111 0.34921875 0.3013888888888889 0.3625 0.31666666666666665 0.365625 0.3236111111111111 0.365625 0.3277777777777778 0.34609375 0.3347222222222222 0.31953125 0.33194444444444443 0.3046875 0.30972222222222223 0.303125 0.30416666666666664 0.30859375 0.3 0.3359375 0.2986111111111111
0 0.284375 0.15416666666666667 0.2859375 0.1638888888888889 0.28359375 0.17222222222222222 0.27734375 0.17916666666666667 0.2515625 0.175 0.24921875 0.17222222222222222 0.24921875 0.16527777777777777 0.25234375 0.1597222222222222 0.2609375 0.15416666666666667 0.28359375 0.15416666666666667
0 0.30625 0.26805555555555555 0.33046875 0.2708333333333333 0.3421875 0.2847222222222222 0.34375 0.28888888888888886 0.34296875 0.29305555555555557 0.30078125 0.29305555555555557 0.296875 0.2861111111111111 0.29609375 0.2763888888888889 0.3 0.26944444444444443 0.30546875 0.26805555555555555
0 0.78203125 0.8375 0.78984375 0.85 0.80390625 0.8847222222222222 0.821875 0.9166666666666666 0.834375 0.95 0.85390625 0.9902777777777778 0.85546875 0.9986111111111111 0.79453125 0.9986111111111111 0.78984375 0.9958333333333333 0.7875 0.9986111111111111 0.7453125 0.9986111111111111 0.7359375 0.9930555555555556 0.7359375 0.9875 0.72109375 0.9347222222222222 0.7203125 0.9208333333333333 0.7359375 0.9083333333333333 0.74765625 0.9055555555555556 0.7578125 0.8986111111111111 0.7640625 0.8791666666666667 0.771875 0.8680555555555556 0.775 0.8527777777777777 0.7796875 0.8388888888888889 0.78125 0.8388888888888889
0 0.35625 0.24305555555555555 0.36015625 0.24722222222222223 0.3640625 0.26666666666666666 0.36015625 0.2722222222222222 0.3546875 0.27361111111111114 0.33828125 0.2722222222222222 0.33515625 0.26944444444444443 0.3328125 0.2638888888888889 0.33125 0.24722222222222223 0.334375 0.24305555555555555 0.35546875 0.24305555555555555
0 0.4046875 0.3958333333333333 0.41796875 0.40694444444444444 0.421875 0.4152777777777778 0.43046875 0.425 0.4375 0.42777777777777776 0.440625 0.44583333333333336 0.43671875 0.4513888888888889 0.4203125 0.46111111111111114 0.39140625 0.4638888888888889 0.3765625 0.4638888888888889 0.3671875 0.4583333333333333 0.35 0.43333333333333335 0.3484375 0.40555555555555556 0.35234375 0.40555555555555556 0.35703125 0.4 0.36484375 0.4027777777777778 0.3734375 0.3972222222222222 0.38671875 0.39444444444444443 0.40390625 0.3958333333333333