0 0.334375 0.25555555555555554 0.3484375 0.26805555555555555 0.3578125 0.2833333333333333 0.35546875 0.2916666666666667 0.35390625 0.2875 0.3515625 0.2875 0.34765625 0.29305555555555557 0.31484375 0.29305555555555557 0.3109375 0.28888888888888886 0.309375 0.26805555555555555 0.31171875 0.2625 0.33359375 0.25555555555555554
0 0.390625 0.4111111111111111 0.43359375 0.4097222222222222 0.4390625 0.4125 0.4515625 0.42916666666666664 0.459375 0.43333333333333335 0.46171875 0.44305555555555554 0.46015625 0.4527777777777778 0.4453125 0.4666666666666667 0.4296875 0.4708333333333333 0.39453125 0.46944444444444444 0.3890625 0.4625 0.37890625 0.43194444444444446 0.3796875 0.4222222222222222 0.38515625 0.4166666666666667 0.39140625 0.4152777777777778 0.39140625 0.4125
0 0.38515625 0.3416666666666667 0.4015625 0.34305555555555556 0.4078125 0.35 0.4109375 0.36944444444444446 0.41015625 0.3861111111111111 0.4078125 0.3902777777777778 0.38359375 0.3902777777777778 0.3671875 0.38333333333333336 0.36171875 0.3763888888888889 0.36015625 0.36666666666666664 0.3546875 0.35555555555555557 0.3546875 0.3486111111111111 0.35703125 0.34444444444444444 0.365625 0.3402777777777778 0.384375 0.3416666666666667
0 0.29453125 0.18194444444444444 0.309375 0.19305555555555556 0.309375 0.19583333333333333 0.296875 0.20555555555555555 0.2875 0.20277777777777778 0.28125 0.19444444444444445 0.28046875 0.18888888888888888 0.28046875 0.18472222222222223 0.29375 0.18194444444444444
0 0.61328125 0.5319444444444444 0.6734375 0.5333333333333333 0.67890625 0.5361111111111111 0.6921875 0.5527777777777778 0.7125 0.5930555555555556 0.71328125 0.6041666666666666 0.70625 0.6125 0.64296875 0.6222222222222222 0.590625 0.6222222222222222 0.57734375 0.5986111111111111 0.575 0.5888888888888889 0.57578125 0.5763888888888888 0.57890625 0.5722222222222222 0.60234375 0.5722222222222222 0.60703125 0.5597222222222222 0.60703125 0.5361111111111111 0.6125 0.5319444444444444
0 0.36640625 0.25 0.37265625 0.2652777777777778 0.37265625 0.2722222222222222 0.36640625 0.2861111111111111 0.3546875 0.2763888888888889 0.3453125 0.25555555555555554 0.34921875 0.24722222222222223 0.3625 0.24722222222222223 0.365625 0.25
0 0.59609375 0.4597222222222222 0.60078125 0.4625 0.60234375 0.46805555555555556 0.6015625 0.4875 0.603125 0.5013888888888889 0.60078125 0.5111111111111111 0.60234375 0.525 0.59921875 0.5277777777777778 0.56875 0.5277777777777778 0.559375 0.5236111111111111 0.5359375 0.5041666666666667 0.53125 0.49166666666666664 0.53125 0.4791666666666667 0.5359375 0.4736111111111111 0.56015625 0.4625 0.5953125 0.4597222222222222
0 0.296875 0.24722222222222223 0.303125 0.24444444444444444 0.3296875 0.24722222222222223 0.33515625 0.25 0.346875 0.26805555555555555 0.34140625 0.2652777777777778 0.3328125 0.26805555555555555 0.3234375 0.2625 0.30703125 0.26944444444444443 0.3 0.2652777777777778 0.296875 0.25972222222222224 0.296875 0.24861111111111112
0 0.7234375 0.8222222222222222 0.728125 0.8375 0.73515625 0.9222222222222223 0.7421875 0.9694444444444444 0.74765625 0.9930555555555556 0.746875 0.9986111111111111 0.63046875 0.9986111111111111 0.628125 0.9916666666666667 0.62578125 0.9555555555555556 0.609375 0.8666666666666667 0.609375 0.8583333333333333 0.6125 0.8541666666666666 0.67734375 0.8541666666666666 0.70078125 0.8388888888888889 0.71640625 0.8236111111111111 0.72265625 0.8222222222222222
0 0.346875 0.3 0.36875 0.2986111111111111 0.37578125 0.30416666666666664 0.3875 0.32222222222222224 0.3875 0.33055555555555555 0.38359375 0.33611111111111114 0.3625 0.3388888888888889 0.35 0.34444444444444444 0.340625 0.34305555555555556 0.3375 0.3388888888888889 0.33125 0.3236111111111111 0.328125 0.30416666666666664 0.34609375 0.3
0 0.28203125 0.19722222222222222 0.28984375 0.20555555555555555 0.28984375 0.20972222222222223 0.27421875 0.21944444444444444 0.26875 0.21944444444444444 0.26171875 0.21388888888888888 0.25859375 0.1986111111111111 0.28125 0.19722222222222222
0 0.31171875 0.19444444444444445 0.328125 0.20555555555555555 0.325 0.21666666666666667 0.31796875 0.2222222222222222 0.3046875 0.21944444444444444 0.29453125 0.20555555555555555 0.3109375 0.19444444444444445
0 0.26171875 0.1763888888888889 0.275 0.18194444444444444 0.27890625 0.18888888888888888 0.27890625 0.19583333333333333 0.26484375 0.2 0.26171875 0.20416666666666666 0.2578125 0.2013888888888889 0.25546875 0.19583333333333333 0.25546875 0.18194444444444444 0.2578125 0.17777777777777778 0.2609375 0.17777777777777778
0 0.43828125 0.30277777777777776 0.45390625 0.3263888888888889 0.45546875 0.33611111111111114 0.4515625 0.3416666666666667 0.44453125 0.34444444444444444 0.42265625 0.3458333333333333 0.4109375 0.3458333333333333 0.4078125 0.34305555555555556 0.40078125 0.3277777777777778 0.4015625 0.3138888888888889 0.41015625 0.30416666666666664 0.4171875 0.3013888888888889 0.4375 0.30277777777777776
0 0.47109375 0.3486111111111111 0.48203125 0.3541666666666667 0.48359375 0.36666666666666664 0.48125 0.3861111111111111 0.475 0.3888888888888889 0.4453125 0.3902777777777778 0.42734375 0.3875 0.41484375 0.36527777777777776 0.41328125 0.35833333333333334 0.4140625 0.35 0.4328125 0.3472222222222222 0.4703125 0.3486111111111111
0 0.390625 0.2625 0.4109375 0.2791666666666667 0.41640625 0.2902777777777778 0.4140625 0.29583333333333334 0.409375 0.29583333333333334 0.4125 0.2986111111111111 0.4109375 0.30416666666666664 0.40078125 0.3138888888888889 0.38984375 0.3138888888888889 0.3828125 0.30972222222222223 0.3796875 0.3055555555555556 0.3796875 0.3013888888888889 0.38984375 0.2986111111111111 0.39140625 0.29444444444444445 0.37421875 0.29305555555555557 0.365625 0.28194444444444444 0.37265625 0.2652777777777778 0.38984375 0.2625