0 0.45078125 0.325 0.4703125 0.3402777777777778 0.47734375 0.3486111111111111 0.47890625 0.3541666666666667 0.46484375 0.3597222222222222 0.43984375 0.3611111111111111 0.43671875 0.36527777777777776 0.4359375 0.37083333333333335 0.4296875 0.36944444444444446 0.41796875 0.35555555555555557 0.415625 0.3486111111111111 0.4171875 0.3388888888888889 0.42109375 0.3333333333333333 0.4375 0.3236111111111111 0.45 0.325
0 0.36015625 0.24305555555555555 0.365625 0.24583333333333332 0.37265625 0.2569444444444444 0.38671875 0.2569444444444444 0.3921875 0.2638888888888889 0.39140625 0.26805555555555555 0.37890625 0.2722222222222222 0.371875 0.2791666666666667 0.3578125 0.2763888888888889 0.34453125 0.2513888888888889 0.34453125 0.24444444444444444 0.359375 0.24305555555555555
0 0.40390625 0.26805555555555555 0.41796875 0.2861111111111111 0.41953125 0.29305555555555557 0.3921875 0.29444444444444445 0.3921875 0.2972222222222222 0.42109375 0.2986111111111111 0.4328125 0.3138888888888889 0.43203125 0.32083333333333336 0.4171875 0.3277777777777778 0.396875 0.3277777777777778 0.39140625 0.325 0.3828125 0.3111111111111111 0.38046875 0.3013888888888889 0.38125 0.2986111111111111 0.3890625 0.29583333333333334 0.3796875 0.29444444444444445 0.371875 0.2861111111111111 0.37109375 0.2791666666666667 0.3765625 0.27361111111111114 0.3921875 0.26666666666666666 0.403125 0.26805555555555555
0 0.4546875 0.43333333333333335 0.4734375 0.4652777777777778 0.4796875 0.4708333333333333 0.48125 0.4791666666666667 0.46640625 0.49444444444444446 0.45390625 0.5013888888888889 0.42734375 0.5055555555555555 0.4140625 0.5055555555555555 0.4078125 0.5013888888888889 0.40390625 0.49027777777777776 0.39140625 0.46944444444444444 0.38984375 0.46111111111111114 0.390625 0.4486111111111111 0.4 0.4388888888888889 0.4078125 0.4361111111111111 0.440625 0.4305555555555556 0.45390625 0.43333333333333335
0 0.5296875 0.5222222222222223 0.55859375 0.5625 0.56015625 0.5722222222222222 0.5640625 0.5708333333333333 0.57109375 0.5763888888888888 0.58125 0.5916666666666667 0.578125 0.5986111111111111 0.5640625 0.6111111111111112 0.53203125 0.6222222222222222 0.521875 0.6194444444444445 0.51328125 0.6125 0.490625 0.5902777777777778 0.4859375 0.5805555555555556 0.4875 0.575 0.4921875 0.5736111111111111 0.521875 0.5736111111111111 0.52890625 0.5722222222222222 0.5296875 0.5680555555555555 0.52265625 0.5652777777777778 0.46953125 0.5652777777777778 0.4625 0.5555555555555556 0.45859375 0.5444444444444444 0.459375 0.5375 0.4625 0.5319444444444444 0.46953125 0.5277777777777778 0.48984375 0.5236111111111111 0.52890625 0.5222222222222223
0 0.25859375 0.1763888888888889 0.2609375 0.18055555555555555 0.26875 0.1763888888888889 0.2765625 0.18472222222222223 0.2796875 0.19305555555555556 0.271875 0.1986111111111111 0.25859375 0.1986111111111111 0.25703125 0.19444444444444445 0.2578125 0.17777777777777778
0 0.45234375 0.3638888888888889 0.50078125 0.3638888888888889 0.50625 0.3680555555555556 0.5203125 0.3902777777777778 0.52265625 0.4 0.5203125 0.40694444444444444 0.51171875 0.4125 0.48671875 0.4152777777777778 0.440625 0.41388888888888886 0.43828125 0.4 0.4375 0.36944444444444446 0.44140625 0.3638888888888889 0.4515625 0.3638888888888889
0 0.31171875 0.21805555555555556 0.3328125 0.22361111111111112 0.3359375 0.24166666666666667 0.31015625 0.24166666666666667 0.3046875 0.24444444444444444 0.296875 0.24305555555555555 0.2953125 0.24027777777777778 0.2953125 0.23055555555555557 0.3015625 0.21944444444444444 0.3109375 0.21805555555555556
0 0.34765625 0.2652777777777778 0.3625 0.2861111111111111 0.36328125 0.2972222222222222 0.3765625 0.3013888888888889 0.3796875 0.3111111111111111 0.37890625 0.31805555555555554 0.3625 0.325 0.33828125 0.325 0.33515625 0.32222222222222224 0.3234375 0.3 0.3453125 0.29583333333333334 0.31875 0.29305555555555557 0.315625 0.2902777777777778 0.31171875 0.2791666666666667 0.31328125 0.27361111111111114 0.32421875 0.26805555555555555 0.34296875 0.2625 0.346875 0.2652777777777778
0 0.325 0.18888888888888888 0.3359375 0.20277777777777778 0.3359375 0.2125 0.3296875 0.21805555555555556 0.30703125 0.21666666666666667 0.29921875 0.20277777777777778 0.29921875 0.1986111111111111 0.30859375 0.19305555555555556 0.31015625 0.1875 0.32421875 0.18888888888888888
0 0.3046875 0.18055555555555555 0.315625 0.18888888888888888 0.30546875 0.1986111111111111 0.30234375 0.20833333333333334 0.28515625 0.19166666666666668 0.29453125 0.17916666666666667 0.30390625 0.18055555555555555
0 0.3453125 0.2611111111111111 0.353125 0.275 0.36015625 0.28194444444444444 0.3625 0.2861111111111111 0.36171875 0.2902777777777778 0.3265625 0.29305555555555557 0.315625 0.2902777777777778 0.31171875 0.275 0.3171875 0.26805555555555555 0.33515625 0.25972222222222224 0.34453125 0.2611111111111111
0 0.7375 0.6041666666666666 0.7703125 0.6569444444444444 0.78125 0.6694444444444444 0.81796875 0.7236111111111111 0.8375 0.7597222222222222 0.83671875 0.7638888888888888 0.83125 0.7666666666666667 0.7875 0.7680555555555556 0.78203125 0.7722222222222223 0.771875 0.7875 0.74140625 0.8055555555555556 0.73359375 0.7972222222222223 0.72265625 0.7680555555555556 0.7078125 0.7416666666666667 0.696875 0.7291666666666666 0.67734375 0.6944444444444444 0.67265625 0.6805555555555556 0.6640625 0.6652777777777777 0.65078125 0.65 0.65078125 0.6458333333333334 0.65390625 0.6416666666666667 0.66953125 0.6291666666666667 0.6953125 0.6208333333333333 0.71015625 0.6111111111111112 0.73671875 0.6041666666666666
0 0.284375 0.14027777777777778 0.29375 0.1486111111111111 0.29453125 0.15416666666666667 0.28359375 0.16527777777777777 0.271875 0.15833333333333333 0.26953125 0.15416666666666667 0.275 0.14444444444444443 0.28359375 0.14027777777777778
0 0.33125 0.24166666666666667 0.33671875 0.24444444444444444 0.34296875 0.25416666666666665 0.346875 0.2638888888888889 0.3453125 0.26805555555555555 0.33671875 0.2652777777777778 0.32578125 0.26666666666666666 0.3109375 0.275 0.30546875 0.275 0.29921875 0.26805555555555555 0.296875 0.2513888888888889 0.29921875 0.24305555555555555 0.33046875 0.24166666666666667
0 0.38359375 0.32222222222222224 0.38671875 0.3263888888888889 0.390625 0.3472222222222222 0.396875 0.3638888888888889 0.38671875 0.3736111111111111 0.371875 0.3763888888888889 0.3453125 0.37222222222222223 0.3421875 0.36666666666666664 0.34140625 0.35555555555555557 0.33515625 0.3333333333333333 0.3421875 0.32916666666666666 0.3546875 0.32916666666666666 0.3828125 0.32222222222222224