0 0.38671875 0.26805555555555555 0.4046875 0.28194444444444444 0.4046875 0.28888888888888886 0.39921875 0.29305555555555557 0.3640625 0.29305555555555557 0.35859375 0.2902777777777778 0.35234375 0.28194444444444444 0.3546875 0.27361111111111114 0.3609375 0.26805555555555555 0.37265625 0.2652777777777778 0.3859375 0.26805555555555555
0 0.3 0.19305555555555556 0.30703125 0.19166666666666668 0.31328125 0.19583333333333333 0.3203125 0.20555555555555555 0.309375 0.20972222222222223 0.29921875 0.21944444444444444 0.29140625 0.20555555555555555 0.3 0.19444444444444445
0 0.47265625 0.48333333333333334 0.4796875 0.49722222222222223 0.51328125 0.5305555555555556 0.515625 0.5361111111111111 0.515625 0.5486111111111112 0.50859375 0.5569444444444445 0.46953125 0.5597222222222222 0.4421875 0.5583333333333333 0.43359375 0.5541666666666667 0.41015625 0.525 0.4046875 0.5111111111111111 0.4046875 0.5 0.40859375 0.49166666666666664 0.4234375 0.48333333333333334 0.44296875 0.48055555555555557 0.471875 0.48333333333333334
0 0.44765625 0.3402777777777778 0.4546875 0.34305555555555556 0.465625 0.3541666666666667 0.4671875 0.37916666666666665 0.465625 0.3861111111111111 0.46328125 0.3875 0.41640625 0.3875 0.4109375 0.38333333333333336 0.4078125 0.35555555555555557 0.409375 0.34305555555555556 0.446875 0.3402777777777778
0 0.278125 0.20972222222222223 0.28828125 0.2263888888888889 0.2859375 0.23055555555555557 0.27265625 0.225 0.26875 0.2263888888888889 0.265625 0.23194444444444445 0.26171875 0.23194444444444445 0.25546875 0.225 0.25234375 0.21944444444444444 0.2515625 0.2125 0.265625 0.20694444444444443 0.27578125 0.20694444444444443 0.27734375 0.20972222222222223
0 0.28359375 0.16944444444444445 0.2890625 0.175 0.29296875 0.18472222222222223 0.2828125 0.1875 0.2765625 0.19305555555555556 0.2703125 0.18888888888888888 0.2671875 0.17777777777777778 0.27734375 0.16666666666666666 0.2828125 0.16944444444444445
0 0.5328125 0.40694444444444444 0.54609375 0.42083333333333334 0.546875 0.44583333333333336 0.54375 0.4513888888888889 0.53359375 0.45555555555555555 0.51328125 0.45694444444444443 0.48671875 0.45694444444444443 0.48046875 0.4527777777777778 0.4671875 0.4361111111111111 0.465625 0.42916666666666664 0.46640625 0.4111111111111111 0.4703125 0.40694444444444444 0.4765625 0.4083333333333333 0.48203125 0.40555555555555556 0.53203125 0.40694444444444444
0 0.32421875 0.2722222222222222 0.33203125 0.2902777777777778 0.33125 0.29305555555555557 0.32109375 0.29444444444444445 0.29140625 0.29305555555555557 0.28828125 0.28194444444444444 0.2890625 0.2777777777777778 0.29765625 0.2722222222222222 0.3234375 0.2722222222222222
0 0.32265625 0.20694444444444443 0.33125 0.2125 0.3328125 0.21944444444444444 0.32734375 0.22361111111111112 0.3140625 0.2263888888888889 0.3046875 0.225 0.29921875 0.21944444444444444 0.3140625 0.20694444444444443 0.321875 0.20694444444444443
0 0.29296875 0.18194444444444444 0.3 0.19027777777777777 0.3 0.19583333333333333 0.2890625 0.20833333333333334 0.2796875 0.20555555555555555 0.275 0.1986111111111111 0.27421875 0.19166666666666668 0.2796875 0.18472222222222223 0.2921875 0.18194444444444444
0 0.54609375 0.5708333333333333 0.5640625 0.5805555555555556 0.596875 0.6194444444444445 0.61875 0.6361111111111111 0.6171875 0.6444444444444445 0.60703125 0.6583333333333333 0.58828125 0.6708333333333333 0.56171875 0.6833333333333333 0.55390625 0.6819444444444445 0.54609375 0.6680555555555555 0.5 0.6194444444444445 0.4859375 0.6013888888888889 0.4875 0.5916666666666667 0.49921875 0.5805555555555556 0.52109375 0.5736111111111111 0.5453125 0.5708333333333333
0 0.23203125 0.14722222222222223 0.23515625 0.1527777777777778 0.23515625 0.16111111111111112 0.2328125 0.16527777777777777 0.225 0.1638888888888889 0.22265625 0.1597222222222222 0.22421875 0.15138888888888888 0.23125 0.14722222222222223
0 0.76875 0.7583333333333333 0.77265625 0.7652777777777777 0.784375 0.8069444444444445 0.79375 0.8319444444444445 0.80234375 0.8666666666666667 0.81328125 0.8847222222222222 0.81875 0.8888888888888888 0.8359375 0.9208333333333333 0.8703125 0.9930555555555556 0.86953125 0.9986111111111111 0.81484375 0.9986111111111111 0.8078125 0.9958333333333333 0.80078125 0.9986111111111111 0.7890625 0.9986111111111111 0.7859375 0.9958333333333333 0.7796875 0.9986111111111111 0.74765625 0.9986111111111111 0.73984375 0.9930555555555556 0.73984375 0.9861111111111112 0.72890625 0.9555555555555556 0.7234375 0.9291666666666667 0.71015625 0.9027777777777778 0.69921875 0.8694444444444445 0.6828125 0.8347222222222223 0.6828125 0.8291666666666667 0.68515625 0.8236111111111111 0.7046875 0.8027777777777778 0.72109375 0.7930555555555555 0.74375 0.7875 0.75546875 0.7708333333333334 0.76796875 0.7597222222222222
0 0.276171875 0.23194444444444445 0.02734375 0.027777777777777776
0 0.3359375 0.2972222222222222 0.34921875 0.30277777777777776 0.3578125 0.31666666666666665 0.3546875 0.325 0.34375 0.3333333333333333 0.3171875 0.33194444444444443 0.3046875 0.31666666666666665 0.29921875 0.3055555555555556 0.30078125 0.3013888888888889 0.33515625 0.2972222222222222
0 0.2546875 0.15833333333333333 0.26953125 0.15694444444444444 0.278125 0.1638888888888889 0.278125 0.16805555555555557 0.26953125 0.1763888888888889 0.26328125 0.1763888888888889 0.2546875 0.1597222222222222
0 0.30625 0.25277777777777777 0.31953125 0.2611111111111111 0.32421875 0.26805555555555555 0.32578125 0.2791666666666667 0.31015625 0.275 0.29921875 0.2763888888888889 0.29609375 0.2791666666666667 0.29375 0.2875 0.28984375 0.2861111111111111 0.28515625 0.2722222222222222 0.284375 0.2625 0.2859375 0.2569444444444444 0.2890625 0.25277777777777777 0.30546875 0.25277777777777777
0 0.41015625 0.2986111111111111 0.42265625 0.30833333333333335 0.425 0.31666666666666665 0.41796875 0.32916666666666666 0.4015625 0.33611111111111114 0.39140625 0.33611111111111114 0.38359375 0.33194444444444443 0.3734375 0.31666666666666665 0.371875 0.30972222222222223 0.38125 0.3013888888888889 0.409375 0.2986111111111111
0 0.35234375 0.24861111111111112 0.3578125 0.25416666666666665 0.36015625 0.26805555555555555 0.3515625 0.2791666666666667 0.34609375 0.2763888888888889 0.33671875 0.25833333333333336 0.34140625 0.25 0.3515625 0.24861111111111112
0 0.3609375 0.34444444444444444 0.3734375 0.3527777777777778 0.3875 0.37777777777777777 0.38671875 0.39166666666666666 0.3734375 0.39444444444444443 0.3328125 0.39305555555555555 0.33046875 0.37916666666666665 0.32421875 0.3625 0.325 0.3527777777777778 0.32890625 0.3458333333333333 0.36015625 0.34444444444444444