0 0.49609375 0.37083333333333335 0.5125 0.3819444444444444 0.52421875 0.39305555555555555 0.5265625 0.39861111111111114 0.52265625 0.42083333333333334 0.50390625 0.4222222222222222 0.465625 0.41944444444444445 0.44921875 0.4041666666666667 0.44140625 0.39166666666666666 0.4421875 0.37916666666666665 0.4453125 0.375 0.46953125 0.37083333333333335 0.4953125 0.37083333333333335
0 0.42578125 0.2986111111111111 0.43203125 0.3013888888888889 0.44140625 0.31805555555555554 0.43984375 0.32083333333333336 0.43203125 0.3194444444444444 0.409375 0.32916666666666666 0.4 0.32916666666666666 0.38984375 0.32222222222222224 0.38125 0.30972222222222223 0.38125 0.30277777777777776 0.38984375 0.2986111111111111 0.425 0.2986111111111111
0 0.4421875 0.4444444444444444 0.44609375 0.44722222222222224 0.45859375 0.4736111111111111 0.4734375 0.4861111111111111 0.475 0.49722222222222223 0.46484375 0.5097222222222222 0.43359375 0.5138888888888888 0.4140625 0.5138888888888888 0.40390625 0.5097222222222222 0.390625 0.49027777777777776 0.38203125 0.4652777777777778 0.38125 0.45555555555555555 0.3859375 0.44583333333333336 0.44140625 0.4444444444444444
0 0.4390625 0.3236111111111111 0.45234375 0.33055555555555555 0.4625 0.3472222222222222 0.47265625 0.35833333333333334 0.4734375 0.3638888888888889 0.46640625 0.36666666666666664 0.44140625 0.36666666666666664 0.4359375 0.3736111111111111 0.4234375 0.3736111111111111 0.41875 0.36944444444444446 0.4125 0.3375 0.42109375 0.3347222222222222 0.42421875 0.3277777777777778 0.43515625 0.32222222222222224 0.43828125 0.3236111111111111
0 0.3421875 0.3013888888888889 0.35234375 0.31527777777777777 0.353125 0.32083333333333336 0.3515625 0.3236111111111111 0.32578125 0.33055555555555555 0.31484375 0.3416666666666667 0.31171875 0.3416666666666667 0.30703125 0.33611111111111114 0.30625 0.32083333333333336 0.29921875 0.3055555555555556 0.3 0.3013888888888889 0.3203125 0.2986111111111111 0.33671875 0.2986111111111111 0.34140625 0.3013888888888889
0 0.2859375 0.21388888888888888 0.290625 0.21944444444444444 0.28984375 0.225 0.2859375 0.23194444444444445 0.27265625 0.2388888888888889 0.265625 0.2375 0.26171875 0.23055555555555557 0.26015625 0.21944444444444444 0.275 0.21388888888888888 0.28515625 0.21388888888888888
0 0.353125 0.3263888888888889 0.36953125 0.33194444444444443 0.3796875 0.35138888888888886 0.38828125 0.35833333333333334 0.39296875 0.36666666666666664 0.39296875 0.37222222222222223 0.38671875 0.37777777777777777 0.35390625 0.38055555555555554 0.340625 0.37916666666666665 0.32109375 0.3416666666666667 0.321875 0.33611111111111114 0.3265625 0.33194444444444443 0.35234375 0.3263888888888889
0 0.3828125 0.26805555555555555 0.396875 0.2708333333333333 0.409375 0.2847222222222222 0.409375 0.28888888888888886 0.40703125 0.2902777777777778 0.384375 0.29444444444444445 0.365625 0.2902777777777778 0.35703125 0.2791666666666667 0.3625 0.2708333333333333 0.38203125 0.26805555555555555
0 0.52578125 0.5541666666666667 0.5359375 0.5638888888888889 0.53125 0.5680555555555555 0.51875 0.5680555555555555 0.51796875 0.5722222222222222 0.5578125 0.575 0.5625 0.5777777777777777 0.578125 0.5986111111111111 0.58984375 0.6013888888888889 0.58984375 0.6069444444444444 0.58515625 0.6152777777777778 0.5421875 0.6444444444444445 0.5359375 0.6444444444444445 0.5234375 0.6375 0.51015625 0.6208333333333333 0.48671875 0.6013888888888889 0.46953125 0.5805555555555556 0.46875 0.5763888888888888 0.47265625 0.5736111111111111 0.50859375 0.5736111111111111 0.5125 0.5708333333333333 0.5109375 0.5680555555555555 0.46328125 0.5638888888888889 0.4765625 0.5583333333333333 0.50078125 0.5569444444444445 0.515625 0.5527777777777778 0.525 0.5541666666666667
0 0.3140625 0.25277777777777777 0.321875 0.25972222222222224 0.32890625 0.2708333333333333 0.328125 0.275 0.325 0.2763888888888889 0.3171875 0.27361111111111114 0.29609375 0.2763888888888889 0.2921875 0.27361111111111114 0.2890625 0.25972222222222224 0.28984375 0.25277777777777777 0.31328125 0.25277777777777777
0 0.740625 0.6347222222222222 0.74921875 0.6597222222222222 0.77421875 0.7041666666666667 0.78046875 0.7097222222222223 0.78828125 0.7277777777777777 0.8421875 0.8069444444444445 0.840625 0.8166666666666667 0.8203125 0.8347222222222223 0.8015625 0.8458333333333333 0.79609375 0.8555555555555555 0.76796875 0.8708333333333333 0.76015625 0.8791666666666667 0.74296875 0.8486111111111111 0.73671875 0.8277777777777777 0.7328125 0.8208333333333333 0.72734375 0.8180555555555555 0.709375 0.7791666666666667 0.6828125 0.7347222222222223 0.67421875 0.725 0.67109375 0.7194444444444444 0.6703125 0.7125 0.65546875 0.6888888888888889 0.65546875 0.6805555555555556 0.6578125 0.6763888888888889 0.6953125 0.6625 0.725 0.6388888888888888 0.73515625 0.6333333333333333 0.73984375 0.6347222222222222
0 0.3171875 0.2722222222222222 0.33515625 0.2777777777777778 0.33828125 0.28194444444444444 0.340625 0.2916666666666667 0.334375 0.29444444444444445 0.296875 0.29305555555555557 0.29296875 0.28194444444444444 0.29375 0.27361111111111114 0.30234375 0.2708333333333333 0.31640625 0.2722222222222222
0 0.35625 0.24861111111111112 0.36953125 0.25555555555555554 0.38359375 0.25555555555555554 0.3875 0.25833333333333336 0.390625 0.2652777777777778 0.3890625 0.26805555555555555 0.3671875 0.26805555555555555 0.35546875 0.2791666666666667 0.34765625 0.2722222222222222 0.33984375 0.25972222222222224 0.34453125 0.2513888888888889 0.35546875 0.24861111111111112