0 0.3015625 0.25 0.3125 0.25555555555555554 0.315625 0.2611111111111111 0.31953125 0.2791666666666667 0.30703125 0.28055555555555556 0.2953125 0.2861111111111111 0.2875 0.2861111111111111 0.28515625 0.28194444444444444 0.28359375 0.2569444444444444 0.2875 0.2513888888888889 0.30078125 0.25
0 0.475 0.3597222222222222 0.47890625 0.3638888888888889 0.48515625 0.3638888888888889 0.4875 0.3680555555555556 0.48828125 0.3958333333333333 0.484375 0.4 0.4703125 0.4013888888888889 0.42734375 0.3972222222222222 0.4234375 0.39166666666666666 0.42265625 0.3625 0.42421875 0.35833333333333334 0.46953125 0.35694444444444445 0.47421875 0.3597222222222222
0 0.35234375 0.25555555555555554 0.3640625 0.2652777777777778 0.371875 0.25972222222222224 0.37734375 0.25972222222222224 0.3875 0.26805555555555555 0.3890625 0.275 0.3875 0.2791666666666667 0.36484375 0.2875 0.3515625 0.2861111111111111 0.34140625 0.275 0.33984375 0.26666666666666666 0.34296875 0.2611111111111111 0.3515625 0.25555555555555554
0 0.39140625 0.28194444444444444 0.4 0.28888888888888886 0.40703125 0.30277777777777776 0.40390625 0.30694444444444446 0.38984375 0.3111111111111111 0.3796875 0.3194444444444444 0.365625 0.31527777777777777 0.36171875 0.30833333333333335 0.3609375 0.2986111111111111 0.3640625 0.29583333333333334 0.365625 0.28888888888888886 0.37265625 0.2833333333333333 0.390625 0.28194444444444444
0 0.29765625 0.1875 0.30625 0.19305555555555556 0.309375 0.2 0.29296875 0.21388888888888888 0.284375 0.20277777777777778 0.296875 0.1875
0 0.3109375 0.2 0.3265625 0.21388888888888888 0.31328125 0.21666666666666667 0.30625 0.22361111111111112 0.29921875 0.2222222222222222 0.29296875 0.20972222222222223 0.303125 0.2013888888888889 0.31015625 0.2
0 0.325 0.21388888888888888 0.3328125 0.22083333333333333 0.33125 0.22777777777777777 0.325 0.23055555555555557 0.31171875 0.23055555555555557 0.30390625 0.2263888888888889 0.30390625 0.22361111111111112 0.309375 0.21805555555555556 0.32421875 0.21388888888888888
0 0.67890625 0.7513888888888889 0.68203125 0.7611111111111111 0.68828125 0.8277777777777777 0.709375 0.9361111111111111 0.7171875 0.9694444444444444 0.725 0.9916666666666667 0.72421875 0.9986111111111111 0.69921875 0.9986111111111111 0.696875 0.9958333333333333 0.6859375 0.9986111111111111 0.68203125 0.9958333333333333 0.6796875 0.9986111111111111 0.675 0.9958333333333333 0.66953125 0.9986111111111111 0.60234375 0.9986111111111111 0.6 0.9944444444444445 0.60078125 0.9763888888888889 0.59765625 0.9430555555555555 0.59140625 0.9111111111111111 0.59140625 0.8930555555555556 0.59296875 0.8902777777777777 0.59140625 0.8666666666666667 0.58515625 0.8402777777777778 0.58359375 0.8194444444444444 0.578125 0.7902777777777777 0.5796875 0.7736111111111111 0.58203125 0.7680555555555556 0.58515625 0.7666666666666667 0.64140625 0.7666666666666667 0.67265625 0.7513888888888889 0.678125 0.7513888888888889
0 0.334375 0.30416666666666664 0.34921875 0.3138888888888889 0.35859375 0.32916666666666666 0.365625 0.33611111111111114 0.3640625 0.34444444444444444 0.359375 0.35138888888888886 0.35078125 0.35555555555555557 0.31953125 0.3527777777777778 0.3140625 0.3458333333333333 0.3125 0.3347222222222222 0.30703125 0.32083333333333336 0.30703125 0.31527777777777777 0.31015625 0.3111111111111111 0.3203125 0.30833333333333335 0.32421875 0.30277777777777776 0.33359375 0.30416666666666664
0 0.2828125 0.1763888888888889 0.2984375 0.18888888888888888 0.28515625 0.20277777777777778 0.27578125 0.20277777777777778 0.271875 0.1986111111111111 0.27109375 0.18888888888888888 0.26875 0.18472222222222223 0.27578125 0.18333333333333332 0.28203125 0.17777777777777778
0 0.45234375 0.4375 0.45625 0.44166666666666665 0.45859375 0.4527777777777778 0.46953125 0.46944444444444444 0.47578125 0.4736111111111111 0.48046875 0.4722222222222222 0.48046875 0.4888888888888889 0.4734375 0.4986111111111111 0.46171875 0.5055555555555555 0.4296875 0.5111111111111111 0.4046875 0.5097222222222222 0.403125 0.49722222222222223 0.39296875 0.4847222222222222 0.3921875 0.45416666666666666 0.39375 0.4486111111111111 0.4015625 0.44166666666666665 0.421875 0.4361111111111111 0.4515625 0.4375
0 0.41640625 0.30694444444444446 0.4296875 0.31666666666666665 0.43671875 0.3277777777777778 0.440625 0.3416666666666667 0.43046875 0.3486111111111111 0.4125 0.35138888888888886 0.39296875 0.35138888888888886 0.384375 0.33055555555555555 0.3828125 0.3194444444444444 0.384375 0.3138888888888889 0.39765625 0.30694444444444446 0.415625 0.30694444444444446
0 0.32890625 0.2847222222222222 0.3359375 0.29305555555555557 0.33515625 0.29583333333333334 0.3375 0.2986111111111111 0.33515625 0.30416666666666664 0.31640625 0.30833333333333335 0.3078125 0.3138888888888889 0.3046875 0.3138888888888889 0.2953125 0.30277777777777776 0.29453125 0.2916666666666667 0.29609375 0.2861111111111111 0.3046875 0.28194444444444444 0.31875 0.28055555555555556 0.328125 0.2847222222222222
0 0.265625 0.15694444444444444 0.27890625 0.16805555555555557 0.27109375 0.16944444444444445 0.26328125 0.1763888888888889 0.25703125 0.1736111111111111 0.25390625 0.1638888888888889 0.2578125 0.15694444444444444 0.26484375 0.15694444444444444
0 0.6140625 0.4930555555555556 0.6421875 0.525 0.665625 0.5416666666666666 0.6734375 0.5527777777777778 0.675 0.5611111111111111 0.67421875 0.5666666666666667 0.66953125 0.5722222222222222 0.65859375 0.5736111111111111 0.625 0.5888888888888889 0.6078125 0.5916666666666667 0.5984375 0.5916666666666667 0.590625 0.5847222222222223 0.5828125 0.5736111111111111 0.58671875 0.5722222222222222 0.58671875 0.5680555555555555 0.57734375 0.5666666666666667 0.56953125 0.5597222222222222 0.55234375 0.5375 0.54921875 0.5305555555555556 0.54921875 0.525 0.55390625 0.5180555555555556 0.5984375 0.49583333333333335 0.603125 0.5041666666666667 0.60234375 0.5402777777777777 0.603125 0.5583333333333333 0.60546875 0.5652777777777778 0.60703125 0.5569444444444445 0.60625 0.5083333333333333 0.6078125 0.49583333333333335 0.61328125 0.4930555555555556
0 0.3546875 0.37916666666666665 0.39453125 0.38055555555555554 0.41875 0.4097222222222222 0.42109375 0.4166666666666667 0.42109375 0.4263888888888889 0.41875 0.43194444444444446 0.38671875 0.43472222222222223 0.36171875 0.43333333333333335 0.35234375 0.4222222222222222 0.34375 0.40555555555555556 0.3421875 0.3888888888888889 0.34609375 0.38055555555555554 0.35390625 0.37916666666666665