0 0.3609375 0.24722222222222223 0.36640625 0.2611111111111111 0.35625 0.275 0.3453125 0.2652777777777778 0.34140625 0.25833333333333336 0.34140625 0.25277777777777777 0.3453125 0.24722222222222223 0.3515625 0.24444444444444444 0.36015625 0.24722222222222223
0 0.3875 0.25972222222222224 0.39765625 0.26666666666666666 0.40546875 0.2833333333333333 0.3765625 0.2916666666666667 0.36640625 0.2902777777777778 0.3578125 0.275 0.3578125 0.26944444444444443 0.36640625 0.2625 0.38671875 0.25972222222222224
0 0.415625 0.39444444444444443 0.4296875 0.41805555555555557 0.4390625 0.42777777777777776 0.44140625 0.44166666666666665 0.440625 0.44722222222222224 0.43671875 0.4527777777777778 0.42890625 0.45555555555555555 0.3921875 0.45694444444444443 0.3796875 0.45694444444444443 0.37265625 0.4527777777777778 0.36875 0.42777777777777776 0.36015625 0.4041666666666667 0.3609375 0.3958333333333333 0.37265625 0.39305555555555555 0.41484375 0.39444444444444443
0 0.3359375 0.3347222222222222 0.3625 0.3347222222222222 0.3859375 0.34305555555555556 0.38828125 0.35833333333333334 0.38828125 0.37222222222222223 0.3859375 0.375 0.3515625 0.375 0.3390625 0.37222222222222223 0.32734375 0.36527777777777776 0.325 0.3416666666666667 0.32734375 0.33611111111111114 0.33515625 0.3347222222222222
0 0.28046875 0.15694444444444444 0.2875 0.1638888888888889 0.2890625 0.17083333333333334 0.27578125 0.1763888888888889 0.27109375 0.1763888888888889 0.25703125 0.16111111111111112 0.2609375 0.15555555555555556 0.2796875 0.15694444444444444
0 0.2890625 0.16666666666666666 0.3015625 0.17777777777777778 0.30390625 0.18472222222222223 0.28984375 0.19444444444444445 0.28125 0.19305555555555556 0.271875 0.17777777777777778 0.271875 0.175 0.28828125 0.16666666666666666
0 0.41875 0.33055555555555555 0.44921875 0.33055555555555555 0.465625 0.3416666666666667 0.46640625 0.3541666666666667 0.465625 0.3625 0.46328125 0.36666666666666664 0.44453125 0.3736111111111111 0.41953125 0.3736111111111111 0.40703125 0.3625 0.40546875 0.3597222222222222 0.40546875 0.3333333333333333 0.4078125 0.33055555555555555 0.41796875 0.33055555555555555
0 0.2578125 0.18888888888888888 0.27109375 0.19027777777777777 0.28828125 0.20972222222222223 0.290625 0.21388888888888888 0.28984375 0.21805555555555556 0.25859375 0.21666666666666667 0.253125 0.2125 0.25078125 0.20694444444444443 0.2515625 0.19166666666666668 0.25625 0.19027777777777777 0.25859375 0.19305555555555556 0.25859375 0.19027777777777777
0 0.5734375 0.4486111111111111 0.57265625 0.4527777777777778 0.57421875 0.45555555555555555 0.6 0.4875 0.60234375 0.49444444444444446 0.60234375 0.5097222222222222 0.58203125 0.5180555555555556 0.5515625 0.5208333333333334 0.53046875 0.5180555555555556 0.52734375 0.5069444444444444 0.51328125 0.48333333333333334 0.51171875 0.4625 0.51875 0.45555555555555555 0.53515625 0.4486111111111111 0.57265625 0.4486111111111111
0 0.3 0.24305555555555555 0.309375 0.24722222222222223 0.31796875 0.2652777777777778 0.29375 0.2708333333333333 0.2890625 0.26944444444444443 0.2859375 0.25972222222222224 0.2859375 0.24583333333333332 0.29921875 0.24444444444444444
0 0.72421875 0.8888888888888888 0.7296875 0.8986111111111111 0.72578125 0.9361111111111111 0.72578125 0.9555555555555556 0.7328125 0.9888888888888889 0.73203125 0.9986111111111111 0.684375 0.9986111111111111 0.68203125 0.9958333333333333 0.67265625 0.9986111111111111 0.66875 0.9958333333333333 0.65859375 0.9986111111111111 0.6546875 0.9958333333333333 0.64921875 0.9986111111111111 0.621875 0.9986111111111111 0.61640625 0.9555555555555556 0.615625 0.9291666666666667 0.60703125 0.9027777777777778 0.609375 0.8930555555555556 0.6671875 0.8986111111111111 0.69765625 0.8888888888888888 0.7234375 0.8888888888888888
0 0.2765625 0.21666666666666667 0.2875 0.21944444444444444 0.2828125 0.25277777777777777 0.2796875 0.25833333333333336 0.271875 0.24861111111111112 0.2625 0.2263888888888889 0.26328125 0.21944444444444444 0.27578125 0.21666666666666667
0 0.25625 0.1597222222222222 0.26953125 0.1736111111111111 0.27578125 0.18888888888888888 0.26796875 0.18472222222222223 0.2515625 0.18472222222222223 0.25078125 0.1625 0.25546875 0.1597222222222222
0 0.32109375 0.26666666666666666 0.340625 0.28055555555555556 0.34375 0.2861111111111111 0.34375 0.2902777777777778 0.33828125 0.29444444444444445 0.3 0.29305555555555557 0.29609375 0.2902777777777778 0.2921875 0.2833333333333333 0.29296875 0.27361111111111114 0.30859375 0.26666666666666666 0.3203125 0.26666666666666666
0 0.34375 0.2986111111111111 0.34921875 0.3013888888888889 0.359375 0.31805555555555554 0.359375 0.32083333333333336 0.3515625 0.3277777777777778 0.3140625 0.325 0.30234375 0.30277777777777776 0.30546875 0.3 0.34296875 0.2986111111111111
0 0.31171875 0.19027777777777777 0.31953125 0.19444444444444445 0.32578125 0.20277777777777778 0.3234375 0.2152777777777778 0.31796875 0.21944444444444444 0.3109375 0.21944444444444444 0.30546875 0.21388888888888888 0.29296875 0.2111111111111111 0.2875 0.20555555555555555 0.2875 0.19583333333333333 0.2921875 0.18888888888888888 0.30390625 0.18611111111111112 0.3109375 0.19027777777777777
0 0.31875 0.26666666666666666 0.334375 0.275 0.34140625 0.28194444444444444 0.34375 0.2902777777777778 0.334375 0.29583333333333334 0.3484375 0.3 0.35859375 0.31666666666666665 0.359375 0.3194444444444444 0.35703125 0.3236111111111111 0.3515625 0.3277777777777778 0.3140625 0.3236111111111111 0.30234375 0.30416666666666664 0.30234375 0.3013888888888889 0.30859375 0.2986111111111111 0.33046875 0.29583333333333334 0.3171875 0.29305555555555557 0.30390625 0.29444444444444445 0.29296875 0.2861111111111111 0.29140625 0.275 0.29375 0.2722222222222222 0.31796875 0.26666666666666666
0 0.2359375 0.13472222222222222 0.2375 0.1375 0.2375 0.1527777777777778 0.23203125 0.15833333333333333 0.22265625 0.15416666666666667 0.21953125 0.14722222222222223 0.21953125 0.14027777777777778 0.22421875 0.13472222222222222 0.23515625 0.13472222222222222
0 0.41875 0.2875 0.42734375 0.29305555555555557 0.43046875 0.2986111111111111 0.43828125 0.3013888888888889 0.44140625 0.3138888888888889 0.4390625 0.31805555555555554 0.425 0.31527777777777777 0.41484375 0.32222222222222224 0.396875 0.3263888888888889 0.3890625 0.32083333333333336 0.38203125 0.30694444444444446 0.38203125 0.3013888888888889 0.39140625 0.29583333333333334 0.384375 0.28888888888888886 0.4015625 0.2847222222222222 0.41796875 0.2875
0 0.671875 0.5458333333333333 0.678125 0.55 0.68828125 0.5666666666666667 0.715625 0.5972222222222222 0.7296875 0.6236111111111111 0.73046875 0.6388888888888888 0.72734375 0.6430555555555556 0.66484375 0.6472222222222223 0.6390625 0.6472222222222223 0.6328125 0.6430555555555556 0.628125 0.6305555555555555 0.6046875 0.5916666666666667 0.60234375 0.5777777777777777 0.61015625 0.5555555555555556 0.67109375 0.5458333333333333