0 0.4359375 0.3125 0.4421875 0.31666666666666665 0.46640625 0.3458333333333333 0.46640625 0.3541666666666667 0.46328125 0.35833333333333334 0.4390625 0.3680555555555556 0.4203125 0.3638888888888889 0.4 0.33055555555555555 0.40234375 0.3236111111111111 0.41328125 0.31527777777777777 0.43515625 0.3125
0 0.3609375 0.24861111111111112 0.365625 0.25416666666666665 0.3796875 0.25277777777777777 0.3859375 0.25833333333333336 0.38671875 0.2638888888888889 0.3703125 0.26805555555555555 0.35625 0.2791666666666667 0.35078125 0.275 0.34609375 0.2652777777777778 0.34140625 0.2611111111111111 0.33984375 0.25416666666666665 0.34921875 0.24722222222222223 0.36015625 0.24861111111111112
0 0.54375 0.43472222222222223 0.565625 0.4375 0.5921875 0.4597222222222222 0.59765625 0.46944444444444444 0.5953125 0.48333333333333334 0.57109375 0.5013888888888889 0.55859375 0.5041666666666667 0.5203125 0.5013888888888889 0.5015625 0.48055555555555557 0.49296875 0.4652777777777778 0.4921875 0.45416666666666666 0.49453125 0.4388888888888889 0.54296875 0.43472222222222223
0 0.41796875 0.3972222222222222 0.425 0.4013888888888889 0.440625 0.4236111111111111 0.4421875 0.43333333333333335 0.43984375 0.44722222222222224 0.4359375 0.4513888888888889 0.4265625 0.4527777777777778 0.390625 0.45416666666666666 0.378125 0.4513888888888889 0.36171875 0.4305555555555556 0.35859375 0.425 0.36015625 0.4097222222222222 0.37734375 0.4 0.4171875 0.3972222222222222
0 0.37421875 0.35138888888888886 0.38359375 0.3638888888888889 0.38359375 0.36944444444444446 0.3796875 0.3763888888888889 0.3765625 0.37916666666666665 0.3484375 0.38333333333333336 0.3375 0.38333333333333336 0.334375 0.38055555555555554 0.31953125 0.3486111111111111 0.32109375 0.3416666666666667 0.33984375 0.3347222222222222 0.3609375 0.3347222222222222 0.365625 0.3375 0.3734375 0.35138888888888886
0 0.3 0.17777777777777778 0.3046875 0.18055555555555555 0.3125 0.2 0.296875 0.20555555555555555 0.2859375 0.20277777777777778 0.28203125 0.19027777777777777 0.28359375 0.18472222222222223 0.290625 0.17916666666666667 0.29921875 0.17777777777777778
0 0.5109375 0.5458333333333333 0.51875 0.5458333333333333 0.52421875 0.5569444444444445 0.53359375 0.5680555555555555 0.546875 0.5736111111111111 0.57109375 0.5944444444444444 0.5859375 0.6125 0.5953125 0.6138888888888889 0.59453125 0.6194444444444445 0.5890625 0.6277777777777778 0.57421875 0.6402777777777777 0.55 0.6541666666666667 0.54140625 0.6527777777777778 0.52421875 0.6388888888888888 0.5109375 0.6222222222222222 0.5015625 0.6166666666666667 0.48671875 0.6013888888888889 0.4703125 0.5777777777777777 0.4765625 0.5736111111111111 0.5078125 0.5736111111111111 0.51015625 0.5708333333333333 0.50859375 0.5666666666666667 0.4703125 0.5652777777777778 0.46796875 0.5625 0.4734375 0.5555555555555556 0.4890625 0.5458333333333333 0.51015625 0.5458333333333333
0 0.3203125 0.2652777777777778 0.32421875 0.26944444444444443 0.33125 0.2861111111111111 0.33125 0.2902777777777778 0.29453125 0.29305555555555557 0.29140625 0.28888888888888886 0.28984375 0.28055555555555556 0.28984375 0.275 0.29375 0.2708333333333333 0.30546875 0.26805555555555555 0.31796875 0.26944444444444443 0.3203125 0.26666666666666666
0 0.28671875 0.24722222222222223 0.31171875 0.24583333333333332 0.31796875 0.25277777777777777 0.3234375 0.2652777777777778 0.321875 0.26944444444444443 0.29765625 0.26944444444444443 0.290625 0.2722222222222222 0.28671875 0.2652777777777778 0.28671875 0.24861111111111112
0 0.271875 0.1986111111111111 0.28046875 0.20277777777777778 0.2875 0.22083333333333333 0.284375 0.225 0.27109375 0.22916666666666666 0.26328125 0.22777777777777777 0.25859375 0.22361111111111112 0.25390625 0.21388888888888888 0.25390625 0.20555555555555555 0.26171875 0.2 0.27109375 0.1986111111111111
0 0.2609375 0.13194444444444445 0.265625 0.1361111111111111 0.26640625 0.15 0.265625 0.15833333333333333 0.26171875 0.16111111111111112 0.253125 0.1597222222222222 0.25 0.15138888888888888 0.25 0.1361111111111111 0.253125 0.13194444444444445 0.26015625 0.13194444444444445
0 0.315625 0.2013888888888889 0.33046875 0.20694444444444443 0.3359375 0.2152777777777778 0.334375 0.22083333333333333 0.31953125 0.225 0.29921875 0.2222222222222222 0.29140625 0.20972222222222223 0.296875 0.20277777777777778 0.30546875 0.2 0.31484375 0.2013888888888889
0 0.409375 0.2847222222222222 0.41953125 0.29305555555555557 0.4203125 0.2972222222222222 0.42890625 0.3055555555555556 0.43125 0.3125 0.41640625 0.3138888888888889 0.39609375 0.3277777777777778 0.38671875 0.32222222222222224 0.38671875 0.31527777777777777 0.3828125 0.3 0.39921875 0.2972222222222222 0.39921875 0.29444444444444445 0.3875 0.29305555555555557 0.390625 0.2875 0.40859375 0.2847222222222222
0 0.759375 0.7083333333333334 0.76875 0.7152777777777778 0.7828125 0.7569444444444444 0.83984375 0.8680555555555556 0.84296875 0.8819444444444444 0.8515625 0.8986111111111111 0.8515625 0.9055555555555556 0.8484375 0.9125 0.825 0.9319444444444445 0.81484375 0.9444444444444444 0.8078125 0.9583333333333334 0.79921875 0.9680555555555556 0.7921875 0.9833333333333333 0.7890625 0.9847222222222223 0.7859375 0.9944444444444445 0.7828125 0.9958333333333333 0.778125 0.9930555555555556 0.76875 0.9611111111111111 0.7640625 0.9375 0.75234375 0.9180555555555555 0.72734375 0.8555555555555555 0.7140625 0.8347222222222223 0.70625 0.8125 0.6953125 0.7958333333333333 0.6875 0.7680555555555556 0.67734375 0.7513888888888889 0.67890625 0.7458333333333333 0.7171875 0.7319444444444444 0.75859375 0.7083333333333334
0 0.334375 0.2986111111111111 0.34921875 0.3013888888888889 0.36171875 0.30833333333333335 0.36640625 0.31527777777777777 0.36640625 0.3236111111111111 0.36171875 0.32916666666666666 0.3296875 0.3333333333333333 0.3203125 0.3333333333333333 0.3171875 0.33055555555555555 0.3015625 0.30277777777777776 0.30546875 0.3 0.33359375 0.2986111111111111
0 0.28515625 0.1597222222222222 0.29453125 0.17777777777777778 0.2828125 0.1875 0.27578125 0.18333333333333332 0.27109375 0.175 0.2703125 0.1638888888888889 0.27734375 0.15694444444444444 0.284375 0.1597222222222222
0 0.39453125 0.26805555555555555 0.403125 0.2777777777777778 0.40390625 0.28194444444444444 0.38359375 0.29305555555555557 0.365625 0.2916666666666667 0.3578125 0.2791666666666667 0.3734375 0.26666666666666666 0.3875 0.2652777777777778 0.39375 0.26805555555555555