0 0.2921875 0.24305555555555555 0.29609375 0.24027777777777778 0.3203125 0.24027777777777778 0.33046875 0.24722222222222223 0.3359375 0.25833333333333336 0.3359375 0.2638888888888889 0.296875 0.26805555555555555 0.2921875 0.2569444444444444 0.2921875 0.24444444444444444
0 0.39296875 0.2652777777777778 0.42265625 0.2861111111111111 0.4265625 0.29583333333333334 0.4265625 0.30694444444444446 0.42265625 0.3138888888888889 0.4015625 0.31805555555555554 0.378125 0.31805555555555554 0.37265625 0.31527777777777777 0.36796875 0.30833333333333335 0.36640625 0.3 0.375 0.29583333333333334 0.36640625 0.2902777777777778 0.359375 0.2763888888888889 0.3625 0.2708333333333333 0.3921875 0.2652777777777778
0 0.540625 0.5569444444444445 0.55234375 0.5680555555555555 0.565625 0.575 0.571875 0.5847222222222223 0.59453125 0.6055555555555555 0.5984375 0.6152777777777778 0.5984375 0.6236111111111111 0.596875 0.625 0.5828125 0.6263888888888889 0.5484375 0.6444444444444445 0.540625 0.6444444444444445 0.52578125 0.6333333333333333 0.4765625 0.5777777777777777 0.47734375 0.575 0.48984375 0.5722222222222222 0.5109375 0.5722222222222222 0.51015625 0.5680555555555555 0.46953125 0.5638888888888889 0.48359375 0.5527777777777778 0.49609375 0.5472222222222223 0.52421875 0.5402777777777777 0.5328125 0.5402777777777777 0.53984375 0.5569444444444445
0 0.41796875 0.39166666666666666 0.44375 0.42083333333333334 0.4484375 0.4305555555555556 0.44921875 0.4444444444444444 0.44453125 0.4513888888888889 0.4046875 0.45416666666666666 0.38671875 0.4527777777777778 0.36953125 0.43194444444444446 0.3640625 0.4166666666666667 0.3640625 0.4027777777777778 0.36953125 0.3972222222222222 0.3640625 0.39305555555555555 0.4171875 0.39166666666666666
0 0.56875 0.43333333333333335 0.6 0.4597222222222222 0.60234375 0.475 0.60546875 0.475 0.60625 0.46805555555555556 0.609375 0.4652777777777778 0.61796875 0.4777777777777778 0.61875 0.4861111111111111 0.61640625 0.4930555555555556 0.60859375 0.49583333333333335 0.60546875 0.4888888888888889 0.60234375 0.4888888888888889 0.6 0.5069444444444444 0.58125 0.5097222222222222 0.5484375 0.5083333333333333 0.5359375 0.4986111111111111 0.5109375 0.4708333333333333 0.51171875 0.46111111111111114 0.52734375 0.44722222222222224 0.5546875 0.43333333333333335 0.56796875 0.43333333333333335
0 0.3578125 0.24166666666666667 0.36875 0.2569444444444444 0.378125 0.25972222222222224 0.38125 0.2652777777777778 0.3625 0.2708333333333333 0.3578125 0.275 0.3453125 0.2722222222222222 0.33984375 0.2638888888888889 0.33828125 0.25416666666666665 0.33828125 0.24305555555555555 0.35703125 0.24166666666666667
0 0.35625 0.33194444444444443 0.375 0.33611111111111114 0.390625 0.3472222222222222 0.39765625 0.35833333333333334 0.39921875 0.36527777777777776 0.396875 0.36944444444444446 0.3875 0.37777777777777777 0.37734375 0.38055555555555554 0.3515625 0.37916666666666665 0.34453125 0.3736111111111111 0.3375 0.3611111111111111 0.33203125 0.3388888888888889 0.3328125 0.3347222222222222 0.35546875 0.33194444444444443
0 0.31484375 0.18611111111111112 0.328125 0.19444444444444445 0.33828125 0.20694444444444443 0.33828125 0.21388888888888888 0.3328125 0.22083333333333333 0.309375 0.21388888888888888 0.3046875 0.20833333333333334 0.3046875 0.19583333333333333 0.3140625 0.18611111111111112
0 0.346875 0.29305555555555557 0.35546875 0.3013888888888889 0.36015625 0.30972222222222223 0.36015625 0.3138888888888889 0.35078125 0.325 0.33125 0.33194444444444443 0.3140625 0.32916666666666666 0.30703125 0.3111111111111111 0.30546875 0.3013888888888889 0.30859375 0.2986111111111111 0.321875 0.2986111111111111 0.33046875 0.2916666666666667 0.34609375 0.29305555555555557
0 0.2234375 0.14027777777777778 0.2171875 0.12638888888888888 0.2265625 0.10694444444444444 0.2359375 0.10138888888888889 0.240625 0.10277777777777777 0.24296875 0.11388888888888889 0.24296875 0.12083333333333333 0.2390625 0.12916666666666668 0.23828125 0.14166666666666666 0.22890625 0.14583333333333334 0.22421875 0.14027777777777778
0 0.3015625 0.16805555555555557 0.31328125 0.18472222222222223 0.303125 0.1986111111111111 0.290625 0.19583333333333333 0.28515625 0.19027777777777777 0.28203125 0.18194444444444444 0.29453125 0.16666666666666666 0.30078125 0.16805555555555557
0 0.76875 0.6930555555555555 0.77890625 0.7055555555555556 0.7828125 0.7194444444444444 0.8359375 0.8138888888888889 0.84296875 0.8208333333333333 0.85234375 0.8361111111111111 0.8640625 0.8652777777777778 0.8625 0.8736111111111111 0.859375 0.8763888888888889 0.84296875 0.8819444444444444 0.8328125 0.8902777777777777 0.8234375 0.9069444444444444 0.81171875 0.9152777777777777 0.79453125 0.9388888888888889 0.78984375 0.9388888888888889 0.7828125 0.9319444444444445 0.77734375 0.9111111111111111 0.77265625 0.9027777777777778 0.76640625 0.8958333333333334 0.75 0.8652777777777778 0.73515625 0.8513888888888889 0.7234375 0.8125 0.71640625 0.8027777777777778 0.7078125 0.7791666666666667 0.696875 0.7611111111111111 0.6890625 0.7430555555555556 0.678125 0.7333333333333333 0.678125 0.7263888888888889 0.68125 0.7263888888888889 0.6859375 0.7208333333333333 0.7390625 0.6972222222222222 0.75078125 0.6888888888888889 0.7625 0.6888888888888889 0.76796875 0.6930555555555555
0 0.27734375 0.13055555555555556 0.2859375 0.14305555555555555 0.2859375 0.15833333333333333 0.271875 0.17222222222222222 0.2625 0.1736111111111111 0.2546875 0.17222222222222222 0.253125 0.16805555555555557 0.25703125 0.14444444444444443 0.26171875 0.1375 0.2765625 0.13055555555555556
0 0.3359375 0.2652777777777778 0.34453125 0.2763888888888889 0.3453125 0.2875 0.32109375 0.2916666666666667 0.30390625 0.2916666666666667 0.2984375 0.28194444444444444 0.296875 0.2722222222222222 0.3171875 0.2652777777777778 0.33515625 0.2652777777777778
0 0.2484375 0.08333333333333333 0.25234375 0.0875 0.25234375 0.09166666666666666 0.24921875 0.09722222222222222 0.2421875 0.10138888888888889 0.2265625 0.09861111111111111 0.22421875 0.09305555555555556 0.225 0.0875 0.2328125 0.08055555555555556 0.24765625 0.08333333333333333
0 0.26953125 0.175 0.27734375 0.18194444444444444 0.28828125 0.2 0.271875 0.2125 0.2609375 0.20972222222222223 0.2515625 0.19583333333333333 0.2515625 0.18333333333333332 0.2546875 0.17777777777777778 0.26875 0.175
0 0.43125 0.3194444444444444 0.45234375 0.3263888888888889 0.47265625 0.3486111111111111 0.47578125 0.35555555555555557 0.4640625 0.3680555555555556 0.45390625 0.37222222222222223 0.42421875 0.37222222222222223 0.41328125 0.35138888888888886 0.4125 0.34444444444444444 0.4171875 0.3333333333333333 0.43203125 0.3263888888888889 0.43125 0.32083333333333336