0 0.315625 0.2625 0.325 0.2638888888888889 0.3328125 0.2722222222222222 0.33828125 0.2833333333333333 0.3390625 0.29583333333333334 0.34609375 0.3013888888888889 0.3484375 0.30694444444444446 0.34609375 0.3111111111111111 0.3265625 0.31527777777777777 0.31953125 0.32083333333333336 0.30703125 0.32083333333333336 0.30390625 0.31805555555555554 0.296875 0.3013888888888889 0.296875 0.2986111111111111 0.30234375 0.29583333333333334 0.29609375 0.29444444444444445 0.29140625 0.2777777777777778 0.29140625 0.26666666666666666 0.29296875 0.2638888888888889 0.303125 0.25972222222222224 0.31484375 0.2625
0 0.3796875 0.2611111111111111 0.39296875 0.2638888888888889 0.40078125 0.2722222222222222 0.40234375 0.2791666666666667 0.378125 0.2916666666666667 0.36484375 0.2902777777777778 0.35546875 0.27361111111111114 0.35546875 0.26944444444444443 0.3609375 0.2638888888888889 0.37890625 0.2625
0 0.41015625 0.28194444444444444 0.4234375 0.29305555555555557 0.4140625 0.29444444444444445 0.41484375 0.2986111111111111 0.4203125 0.3 0.4046875 0.30972222222222223 0.3984375 0.31805555555555554 0.3890625 0.31805555555555554 0.3828125 0.3138888888888889 0.3765625 0.30416666666666664 0.37734375 0.29444444444444445 0.38359375 0.2875 0.39609375 0.28194444444444444 0.409375 0.28194444444444444
0 0.42109375 0.4111111111111111 0.428125 0.41388888888888886 0.4375 0.425 0.44140625 0.43333333333333335 0.44140625 0.4388888888888889 0.44765625 0.4486111111111111 0.44765625 0.4583333333333333 0.43828125 0.4708333333333333 0.40703125 0.4736111111111111 0.3734375 0.4708333333333333 0.37734375 0.4625 0.3765625 0.45555555555555555 0.371875 0.4486111111111111 0.3734375 0.4444444444444444 0.36875 0.4236111111111111 0.37734375 0.41388888888888886 0.4203125 0.4111111111111111
0 0.28515625 0.1625 0.29375 0.16805555555555557 0.3015625 0.18194444444444444 0.28671875 0.19305555555555556 0.278125 0.18472222222222223 0.2734375 0.175 0.27578125 0.16527777777777777 0.284375 0.1625
0 0.48515625 0.4986111111111111 0.515625 0.5180555555555556 0.5265625 0.5305555555555556 0.5390625 0.5388888888888889 0.5390625 0.5458333333333333 0.5359375 0.5527777777777778 0.52421875 0.5638888888888889 0.4875 0.5694444444444444 0.4640625 0.5680555555555555 0.45234375 0.5638888888888889 0.42890625 0.5375 0.41875 0.5222222222222223 0.42578125 0.5111111111111111 0.43515625 0.5041666666666667 0.484375 0.4986111111111111
0 0.4765625 0.35138888888888886 0.48671875 0.3541666666666667 0.49296875 0.3638888888888889 0.5046875 0.37083333333333335 0.5078125 0.39166666666666666 0.50546875 0.3972222222222222 0.4953125 0.4013888888888889 0.47578125 0.4027777777777778 0.45859375 0.4013888888888889 0.44296875 0.3958333333333333 0.42890625 0.3763888888888889 0.42890625 0.36666666666666664 0.440625 0.3541666666666667 0.44921875 0.35138888888888886 0.47578125 0.35138888888888886
0 0.3125 0.24583333333333332 0.325 0.2513888888888889 0.328125 0.26805555555555555 0.30859375 0.2611111111111111 0.3 0.2625 0.29296875 0.26805555555555555 0.290625 0.26666666666666666 0.2875 0.25833333333333336 0.2875 0.24722222222222223 0.31171875 0.24583333333333332
0 0.3171875 0.1986111111111111 0.33203125 0.20972222222222223 0.334375 0.21944444444444444 0.328125 0.2263888888888889 0.3140625 0.22916666666666666 0.30234375 0.2222222222222222 0.29296875 0.20555555555555555 0.31640625 0.1986111111111111
0 0.334375 0.28194444444444444 0.33828125 0.2875 0.3390625 0.2972222222222222 0.34765625 0.30277777777777776 0.34921875 0.30694444444444446 0.3484375 0.3111111111111111 0.325 0.31666666666666665 0.3171875 0.3236111111111111 0.30703125 0.32083333333333336 0.3 0.3111111111111111 0.296875 0.3 0.30390625 0.29583333333333334 0.3 0.29305555555555557 0.3140625 0.2861111111111111 0.3296875 0.2861111111111111 0.33359375 0.2833333333333333
0 0.703125 0.5791666666666667 0.74609375 0.625 0.76171875 0.6361111111111111 0.76171875 0.65 0.75859375 0.6555555555555556 0.740625 0.6652777777777777 0.72734375 0.6666666666666666 0.725 0.6708333333333333 0.70859375 0.6763888888888889 0.69765625 0.6763888888888889 0.675 0.6833333333333333 0.665625 0.6833333333333333 0.653125 0.6722222222222223 0.63046875 0.6347222222222222 0.61953125 0.625 0.60859375 0.5986111111111111 0.60859375 0.5875 0.6328125 0.5847222222222223 0.67109375 0.5666666666666667 0.69375 0.5666666666666667 0.70234375 0.5791666666666667
0 0.35546875 0.3125 0.36640625 0.31666666666666665 0.3671875 0.32222222222222224 0.371875 0.33055555555555555 0.3859375 0.34444444444444444 0.38671875 0.3541666666666667 0.3765625 0.3597222222222222 0.36171875 0.3597222222222222 0.3484375 0.36527777777777776 0.3328125 0.3638888888888889 0.32734375 0.3486111111111111 0.315625 0.3263888888888889 0.31953125 0.3194444444444444 0.32421875 0.31666666666666665 0.3546875 0.3125
0 0.328125 0.26666666666666666 0.3359375 0.2777777777777778 0.33828125 0.2833333333333333 0.33828125 0.2902777777777778 0.3296875 0.2916666666666667 0.31640625 0.2875 0.3 0.29305555555555557 0.2953125 0.2916666666666667 0.29296875 0.2861111111111111 0.290625 0.26944444444444443 0.29140625 0.2638888888888889 0.3109375 0.25972222222222224 0.32734375 0.26666666666666666
0 0.36171875 0.24722222222222223 0.36484375 0.25416666666666665 0.36484375 0.25972222222222224 0.3546875 0.2708333333333333 0.3484375 0.26944444444444443 0.34140625 0.2625 0.33828125 0.2569444444444444 0.33828125 0.25 0.35078125 0.24444444444444444 0.3609375 0.24722222222222223
0 0.43203125 0.3013888888888889 0.4390625 0.3055555555555556 0.46171875 0.3458333333333333 0.459375 0.3486111111111111 0.42890625 0.3486111111111111 0.42265625 0.35555555555555557 0.41015625 0.3527777777777778 0.40703125 0.3347222222222222 0.4 0.3236111111111111 0.39921875 0.31666666666666665 0.41484375 0.3013888888888889 0.43125 0.3013888888888889