0 0.38359375 0.25972222222222224 0.39921875 0.275 0.4015625 0.2833333333333333 0.3984375 0.2875 0.38984375 0.2861111111111111 0.37265625 0.2916666666666667 0.3625 0.2916666666666667 0.359375 0.28888888888888886 0.35390625 0.28194444444444444 0.35234375 0.2777777777777778 0.353125 0.2722222222222222 0.35859375 0.26666666666666666 0.3828125 0.25972222222222224
0 0.553125 0.5777777777777777 0.58828125 0.6222222222222222 0.62734375 0.6527777777777778 0.62578125 0.6569444444444444 0.5953125 0.6819444444444445 0.58125 0.6861111111111111 0.56796875 0.6944444444444444 0.56015625 0.6888888888888889 0.54765625 0.6652777777777777 0.5359375 0.65 0.5015625 0.6180555555555556 0.4890625 0.5986111111111111 0.49296875 0.5902777777777778 0.51328125 0.5791666666666667 0.5296875 0.575 0.54921875 0.575 0.55234375 0.5777777777777777
0 0.39296875 0.37083333333333335 0.3984375 0.37222222222222223 0.41015625 0.3888888888888889 0.42265625 0.4013888888888889 0.42578125 0.4083333333333333 0.42578125 0.4166666666666667 0.42109375 0.4222222222222222 0.37734375 0.42777777777777776 0.36015625 0.4236111111111111 0.34765625 0.40694444444444444 0.3421875 0.3958333333333333 0.340625 0.38472222222222224 0.34375 0.37916666666666665 0.3640625 0.3736111111111111 0.3921875 0.37083333333333335
0 0.29375 0.1736111111111111 0.29921875 0.17777777777777778 0.3046875 0.18888888888888888 0.290625 0.19444444444444445 0.2828125 0.19305555555555556 0.2765625 0.18194444444444444 0.28203125 0.1736111111111111 0.29296875 0.1736111111111111
0 0.43671875 0.30972222222222223 0.45234375 0.3236111111111111 0.459375 0.33611111111111114 0.45390625 0.3458333333333333 0.43828125 0.3541666666666667 0.4140625 0.3541666666666667 0.396875 0.32916666666666666 0.39921875 0.32083333333333336 0.415625 0.3111111111111111 0.421875 0.30833333333333335 0.4359375 0.30972222222222223
0 0.50390625 0.3972222222222222 0.52578125 0.3972222222222222 0.54453125 0.41805555555555557 0.553125 0.4236111111111111 0.55546875 0.43333333333333335 0.55546875 0.45416666666666666 0.553125 0.45694444444444443 0.54765625 0.45416666666666666 0.490625 0.45694444444444443 0.484375 0.4527777777777778 0.475 0.4375 0.471875 0.41805555555555557 0.46875 0.4125 0.46875 0.4027777777777778 0.47734375 0.39861111111111114 0.503125 0.3972222222222222
0 0.2828125 0.1986111111111111 0.29140625 0.21388888888888888 0.2921875 0.21944444444444444 0.28984375 0.22361111111111112 0.2828125 0.22083333333333333 0.26640625 0.22083333333333333 0.26171875 0.22361111111111112 0.2546875 0.2125 0.25390625 0.20555555555555555 0.25859375 0.2013888888888889 0.28203125 0.1986111111111111
0 0.32890625 0.2972222222222222 0.34921875 0.3 0.35234375 0.3055555555555556 0.35234375 0.3138888888888889 0.3296875 0.3138888888888889 0.31328125 0.32083333333333336 0.30703125 0.31805555555555554 0.29765625 0.30277777777777776 0.29921875 0.3 0.328125 0.2972222222222222
0 0.30234375 0.18611111111111112 0.31015625 0.19166666666666668 0.3140625 0.1986111111111111 0.3 0.20277777777777778 0.29375 0.20833333333333334 0.2875 0.20277777777777778 0.28203125 0.19166666666666668 0.3015625 0.18611111111111112
0 0.31015625 0.19444444444444445 0.32421875 0.20555555555555555 0.32890625 0.21805555555555556 0.31640625 0.22361111111111112 0.296875 0.22361111111111112 0.28828125 0.2013888888888889 0.29375 0.20416666666666666 0.309375 0.19583333333333333
0 0.34921875 0.3138888888888889 0.35390625 0.31666666666666665 0.3671875 0.34444444444444444 0.3671875 0.3527777777777778 0.3609375 0.3611111111111111 0.34296875 0.3625 0.33359375 0.3680555555555556 0.31953125 0.3680555555555556 0.31484375 0.3625 0.315625 0.3472222222222222 0.309375 0.32916666666666666 0.31015625 0.3236111111111111 0.33359375 0.3138888888888889 0.3484375 0.3138888888888889
0 0.25859375 0.1763888888888889 0.27265625 0.18194444444444444 0.275 0.18888888888888888 0.26953125 0.19444444444444445 0.25234375 0.2013888888888889 0.24921875 0.19444444444444445 0.24921875 0.17916666666666667 0.25078125 0.1763888888888889 0.2578125 0.1763888888888889
0 0.296875 0.24444444444444444 0.315625 0.25 0.3234375 0.2611111111111111 0.32421875 0.26944444444444443 0.32265625 0.2708333333333333 0.30546875 0.26666666666666666 0.28828125 0.26666666666666666 0.28515625 0.25555555555555554 0.28515625 0.24583333333333332 0.29609375 0.24444444444444444
0 0.28984375 0.26805555555555555 0.30859375 0.26666666666666666 0.32421875 0.2708333333333333 0.33984375 0.28888888888888886 0.3375 0.2916666666666667 0.29609375 0.29305555555555557 0.2890625 0.28194444444444444 0.28984375 0.26944444444444443
0 0.4078125 0.2861111111111111 0.42265625 0.2972222222222222 0.425 0.3 0.42578125 0.30694444444444446 0.39375 0.32222222222222224 0.3828125 0.31527777777777777 0.37890625 0.30833333333333335 0.378125 0.2986111111111111 0.38125 0.2972222222222222 0.38125 0.29444444444444445 0.36953125 0.29305555555555557 0.3796875 0.2861111111111111 0.40703125 0.2861111111111111
0 0.55859375 0.44722222222222224 0.5703125 0.44583333333333336 0.58125 0.4486111111111111 0.6 0.4652777777777778 0.603125 0.4708333333333333 0.603125 0.5069444444444444 0.60078125 0.5194444444444445 0.596875 0.5222222222222223 0.55546875 0.5194444444444445 0.521875 0.4930555555555556 0.51484375 0.48055555555555557 0.5140625 0.46944444444444444 0.51953125 0.46111111111111114 0.5546875 0.45694444444444443 0.55859375 0.4486111111111111
0 0.35625 0.24722222222222223 0.36015625 0.25555555555555554 0.36015625 0.2638888888888889 0.3515625 0.2722222222222222 0.34140625 0.26944444444444443 0.33671875 0.2625 0.3359375 0.2513888888888889 0.3390625 0.24722222222222223 0.35546875 0.24722222222222223