0 0.32890625 0.24722222222222223 0.3375 0.2513888888888889 0.35078125 0.26805555555555555 0.3625 0.2875 0.3625 0.29305555555555557 0.34140625 0.29305555555555557 0.34453125 0.2902777777777778 0.3546875 0.2916666666666667 0.35703125 0.28888888888888886 0.34921875 0.28055555555555556 0.34375 0.28055555555555556 0.334375 0.27361111111111114 0.325 0.27361111111111114 0.31875 0.2861111111111111 0.31953125 0.28888888888888886 0.3078125 0.28055555555555556 0.3 0.26805555555555555 0.30078125 0.25833333333333336 0.328125 0.24722222222222223
0 0.45703125 0.33194444444444443 0.475 0.3402777777777778 0.4875 0.35555555555555557 0.49375 0.3458333333333333 0.49453125 0.38333333333333336 0.45625 0.3861111111111111 0.4359375 0.3861111111111111 0.4265625 0.38333333333333336 0.425 0.37916666666666665 0.41796875 0.38055555555555554 0.41640625 0.37083333333333335 0.41796875 0.3625 0.4140625 0.3527777777777778 0.41328125 0.3347222222222222 0.45625 0.33194444444444443
0 0.36796875 0.24305555555555555 0.36953125 0.2569444444444444 0.359375 0.26805555555555555 0.353125 0.26666666666666666 0.34765625 0.2611111111111111 0.340625 0.25 0.340625 0.24583333333333332 0.34921875 0.24027777777777778 0.3640625 0.24027777777777778 0.3671875 0.24305555555555555
0 0.67109375 0.6888888888888889 0.67578125 0.725 0.68046875 0.7347222222222223 0.69296875 0.7791666666666667 0.70234375 0.8013888888888889 0.70859375 0.8305555555555556 0.73671875 0.9111111111111111 0.73671875 0.9277777777777778 0.734375 0.9305555555555556 0.71640625 0.925 0.70078125 0.9097222222222222 0.68984375 0.9055555555555556 0.6578125 0.9083333333333333 0.61953125 0.9222222222222223 0.6125 0.9222222222222223 0.61015625 0.9152777777777777 0.61015625 0.8819444444444444 0.6046875 0.8569444444444444 0.5984375 0.8388888888888889 0.596875 0.8152777777777778 0.58671875 0.7819444444444444 0.58671875 0.7125 0.58125 0.6916666666666667 0.59453125 0.6861111111111111 0.6703125 0.6888888888888889
0 0.27890625 0.18611111111111112 0.29296875 0.1986111111111111 0.2984375 0.20972222222222223 0.296875 0.2152777777777778 0.290625 0.2222222222222222 0.27890625 0.225 0.26875 0.2222222222222222 0.2625 0.2111111111111111 0.26015625 0.1986111111111111 0.265625 0.19305555555555556 0.278125 0.1875
0 0.38671875 0.25416666666666665 0.3953125 0.25833333333333336 0.4078125 0.2777777777777778 0.41328125 0.2916666666666667 0.41015625 0.2972222222222222 0.4109375 0.3 0.39765625 0.30972222222222223 0.38046875 0.30694444444444446 0.3765625 0.30277777777777776 0.37890625 0.2972222222222222 0.378125 0.29444444444444445 0.36875 0.2902777777777778 0.3625 0.2777777777777778 0.36171875 0.26666666666666666 0.36953125 0.25833333333333336 0.3859375 0.25555555555555554
0 0.33203125 0.19722222222222222 0.3421875 0.20416666666666666 0.3421875 0.2125 0.33515625 0.22083333333333333 0.309375 0.21666666666666667 0.303125 0.20833333333333334 0.30390625 0.20277777777777778 0.3265625 0.19583333333333333 0.33125 0.19722222222222222
0 0.30703125 0.17916666666666667 0.31796875 0.18194444444444444 0.328125 0.19444444444444445 0.3265625 0.1986111111111111 0.3125 0.20416666666666666 0.309375 0.20833333333333334 0.303125 0.20833333333333334 0.29296875 0.19444444444444445 0.29765625 0.18611111111111112 0.30234375 0.18611111111111112 0.30703125 0.18055555555555555
0 0.496875 0.4305555555555556 0.4984375 0.43194444444444446 0.49765625 0.4486111111111111 0.49453125 0.43333333333333335 0.4890625 0.4361111111111111 0.484375 0.4444444444444444 0.48125 0.4444444444444444 0.48046875 0.44166666666666665 0.4765625 0.44583333333333336 0.47734375 0.45 0.4890625 0.4638888888888889 0.49609375 0.4625 0.49765625 0.4736111111111111 0.49765625 0.5083333333333333 0.4953125 0.5097222222222222 0.425 0.5097222222222222 0.4109375 0.5069444444444444 0.4109375 0.5013888888888889 0.41796875 0.49583333333333335 0.41796875 0.4875 0.415625 0.48194444444444445 0.4078125 0.47638888888888886 0.40546875 0.45 0.40625 0.44027777777777777 0.4046875 0.4361111111111111 0.4078125 0.43194444444444446 0.49609375 0.4305555555555556
0 0.3109375 0.17916666666666667 0.3140625 0.18194444444444444 0.30390625 0.19166666666666668 0.3 0.2013888888888889 0.2859375 0.19166666666666668 0.28203125 0.18333333333333332 0.290625 0.1763888888888889 0.31015625 0.17916666666666667
0 0.42578125 0.2986111111111111 0.4390625 0.3013888888888889 0.45703125 0.3194444444444444 0.46015625 0.3236111111111111 0.46015625 0.3277777777777778 0.45625 0.33055555555555555 0.42109375 0.33055555555555555 0.41328125 0.3333333333333333 0.403125 0.33055555555555555 0.396875 0.3125 0.4078125 0.30277777777777776 0.425 0.2986111111111111
0 0.3578125 0.29583333333333334 0.37109375 0.3013888888888889 0.3796875 0.31666666666666665 0.3859375 0.32083333333333336 0.38515625 0.3263888888888889 0.38671875 0.33055555555555555 0.38984375 0.33055555555555555 0.38359375 0.33194444444444443 0.3734375 0.3416666666666667 0.36328125 0.34444444444444444 0.3484375 0.34444444444444444 0.3359375 0.3402777777777778 0.33125 0.3347222222222222 0.321875 0.3111111111111111 0.315625 0.30277777777777776 0.31953125 0.2986111111111111 0.35703125 0.29583333333333334
0 0.340625 0.2708333333333333 0.35234375 0.275 0.36484375 0.29305555555555557 0.34140625 0.2972222222222222 0.31796875 0.29305555555555557 0.31171875 0.28194444444444444 0.31484375 0.27361111111111114 0.31875 0.2708333333333333 0.33984375 0.2708333333333333
0 0.64375 0.4986111111111111 0.65625 0.5111111111111111 0.665625 0.5277777777777778 0.67265625 0.5319444444444444 0.6921875 0.5555555555555556 0.696875 0.5625 0.69765625 0.5680555555555555 0.690625 0.5763888888888888 0.665625 0.5916666666666667 0.62734375 0.5986111111111111 0.615625 0.5986111111111111 0.60859375 0.5902777777777778 0.603125 0.5777777777777777 0.60703125 0.5611111111111111 0.60703125 0.5097222222222222 0.609375 0.5 0.62109375 0.49444444444444446 0.6359375 0.49444444444444446 0.64296875 0.4986111111111111
0 0.3921875 0.3597222222222222 0.40625 0.35833333333333334 0.41015625 0.3611111111111111 0.41328125 0.3819444444444444 0.4171875 0.3875 0.4265625 0.39166666666666666 0.4296875 0.4041666666666667 0.42890625 0.4152777777777778 0.42421875 0.4222222222222222 0.3640625 0.42083333333333334 0.3609375 0.41944444444444445 0.35234375 0.40555555555555556 0.3484375 0.40555555555555556 0.34921875 0.3958333333333333 0.346875 0.38055555555555554 0.346875 0.3611111111111111 0.3484375 0.35833333333333334 0.3703125 0.3597222222222222 0.37265625 0.3625 0.384375 0.3611111111111111 0.38828125 0.36527777777777776 0.3953125 0.3638888888888889 0.39296875 0.3597222222222222