0 0.30859375 0.27569444444444446 0.040625 0.03194444444444444
0 0.47109375 0.40555555555555556 0.48125 0.4041666666666667 0.49140625 0.40694444444444444 0.5109375 0.4027777777777778 0.53359375 0.4027777777777778 0.5421875 0.40694444444444444 0.5546875 0.4222222222222222 0.55703125 0.4263888888888889 0.5578125 0.44027777777777777 0.55703125 0.4486111111111111 0.5546875 0.4527777777777778 0.5421875 0.4638888888888889 0.509375 0.46944444444444444 0.490625 0.4666666666666667 0.4734375 0.44583333333333336 0.46640625 0.42916666666666664 0.46640625 0.4125 0.4703125 0.40555555555555556
0 0.38828125 0.2611111111111111 0.39765625 0.26805555555555555 0.40078125 0.2763888888888889 0.3890625 0.2777777777777778 0.3703125 0.2916666666666667 0.3640625 0.2902777777777778 0.35859375 0.2833333333333333 0.35546875 0.2763888888888889 0.35625 0.2708333333333333 0.3640625 0.2638888888888889 0.37265625 0.2611111111111111 0.3875 0.2611111111111111
0 0.403125 0.37916666666666665 0.42421875 0.38333333333333336 0.425 0.41805555555555557 0.421875 0.4236111111111111 0.39765625 0.4263888888888889 0.37265625 0.4263888888888889 0.36171875 0.4222222222222222 0.34921875 0.40555555555555556 0.34765625 0.38333333333333336 0.34921875 0.38055555555555554 0.40234375 0.37916666666666665
0 0.4875 0.49444444444444446 0.49140625 0.49583333333333335 0.49921875 0.5180555555555556 0.51953125 0.5444444444444444 0.52734375 0.5583333333333333 0.5359375 0.5611111111111111 0.53515625 0.5666666666666667 0.52421875 0.575 0.5203125 0.5819444444444445 0.496875 0.5902777777777778 0.48125 0.5902777777777778 0.47265625 0.5847222222222223 0.46875 0.5736111111111111 0.484375 0.5722222222222222 0.484375 0.5694444444444444 0.48046875 0.5666666666666667 0.4625 0.5666666666666667 0.4484375 0.5625 0.43125 0.5402777777777777 0.4171875 0.5138888888888888 0.41796875 0.5083333333333333 0.44609375 0.49583333333333335 0.465625 0.49166666666666664 0.48671875 0.49444444444444446
0 0.29296875 0.1736111111111111 0.30390625 0.18055555555555555 0.3078125 0.1875 0.3078125 0.19305555555555556 0.2953125 0.2013888888888889 0.28671875 0.2 0.27890625 0.18472222222222223 0.2921875 0.175
0 0.2546875 0.20833333333333334 0.25859375 0.2111111111111111 0.26875 0.2013888888888889 0.278125 0.20277777777777778 0.2828125 0.20555555555555555 0.28984375 0.21944444444444444 0.2859375 0.22361111111111112 0.26796875 0.22916666666666666 0.2546875 0.21805555555555556 0.25390625 0.20972222222222223
0 0.30859375 0.19444444444444445 0.3203125 0.20277777777777778 0.3203125 0.2152777777777778 0.3140625 0.22083333333333333 0.29921875 0.22083333333333333 0.29375 0.21666666666666667 0.29140625 0.2111111111111111 0.29140625 0.20694444444444443 0.2953125 0.2 0.3078125 0.19444444444444445
0 0.2546875 0.16527777777777777 0.265625 0.17083333333333334 0.27578125 0.1875 0.2765625 0.19305555555555556 0.2515625 0.19583333333333333 0.25078125 0.175 0.25390625 0.16666666666666666
0 0.32890625 0.2833333333333333 0.340625 0.28888888888888886 0.3453125 0.29305555555555557 0.34453125 0.2972222222222222 0.35546875 0.30277777777777776 0.36015625 0.3138888888888889 0.359375 0.3194444444444444 0.353125 0.30416666666666664 0.34453125 0.3 0.3375 0.3013888888888889 0.3359375 0.30416666666666664 0.33671875 0.30972222222222223 0.32734375 0.3111111111111111 0.3171875 0.31805555555555554 0.31015625 0.31527777777777777 0.303125 0.30416666666666664 0.303125 0.3 0.30859375 0.2972222222222222 0.31015625 0.28888888888888886 0.328125 0.2833333333333333
0 0.40390625 0.2777777777777778 0.4140625 0.2861111111111111 0.4234375 0.30416666666666664 0.40546875 0.30833333333333335 0.39375 0.31805555555555554 0.38671875 0.31805555555555554 0.38203125 0.30972222222222223 0.38203125 0.3 0.38984375 0.2986111111111111 0.3921875 0.29444444444444445 0.37734375 0.29305555555555557 0.37265625 0.28888888888888886 0.38984375 0.2777777777777778 0.403125 0.2777777777777778
0 0.690625 0.5888888888888889 0.71015625 0.5930555555555556 0.72578125 0.6208333333333333 0.75390625 0.6458333333333334 0.76796875 0.6736111111111112 0.775 0.6805555555555556 0.7796875 0.6902777777777778 0.7796875 0.7 0.7765625 0.7041666666666667 0.7421875 0.7097222222222223 0.6953125 0.7305555555555555 0.6828125 0.7291666666666666 0.6703125 0.7 0.64375 0.6611111111111111 0.6296875 0.6361111111111111 0.62265625 0.6180555555555556 0.62265625 0.6152777777777778 0.6296875 0.6083333333333333 0.64765625 0.6 0.675 0.5888888888888889 0.68984375 0.5888888888888889
0 0.34609375 0.2986111111111111 0.35390625 0.3013888888888889 0.359375 0.30972222222222223 0.36484375 0.33194444444444443 0.3734375 0.35 0.37421875 0.3597222222222222 0.3671875 0.36666666666666664 0.34296875 0.37083333333333335 0.32734375 0.36944444444444446 0.3234375 0.3416666666666667 0.303125 0.3013888888888889 0.30703125 0.2986111111111111 0.3453125 0.2986111111111111
0 0.28203125 0.16111111111111112 0.290625 0.16805555555555557 0.29375 0.175 0.28203125 0.18611111111111112 0.2734375 0.18194444444444444 0.26796875 0.16805555555555557 0.271875 0.1597222222222222 0.28125 0.16111111111111112
0 0.30703125 0.24444444444444444 0.31796875 0.25 0.321875 0.25833333333333336 0.32109375 0.2652777777777778 0.3109375 0.2625 0.28828125 0.2638888888888889 0.2859375 0.25277777777777777 0.28671875 0.24583333333333332 0.30625 0.24444444444444444
0 0.35625 0.24444444444444444 0.3609375 0.24722222222222223 0.36484375 0.25833333333333336 0.3640625 0.2638888888888889 0.35625 0.26944444444444443 0.34609375 0.2652777777777778 0.3375 0.2513888888888889 0.34375 0.24583333333333332 0.35546875 0.24444444444444444
0 0.4421875 0.3111111111111111 0.45703125 0.3236111111111111 0.4578125 0.3347222222222222 0.4546875 0.3402777777777778 0.434375 0.35 0.42578125 0.35 0.4109375 0.34305555555555556 0.4 0.32916666666666666 0.396875 0.3236111111111111 0.396875 0.3194444444444444 0.40625 0.30833333333333335 0.42421875 0.30416666666666664 0.43359375 0.3055555555555556 0.44140625 0.3111111111111111