0 0.29296875 0.20555555555555555 0.30390625 0.21388888888888888 0.30625 0.22083333333333333 0.2984375 0.225 0.29296875 0.24444444444444444 0.2890625 0.24722222222222223 0.28046875 0.24583333333333332 0.27734375 0.2388888888888889 0.2734375 0.21944444444444444 0.2765625 0.2125 0.2859375 0.20416666666666666 0.2921875 0.20555555555555555
0 0.54453125 0.4027777777777778 0.5640625 0.4222222222222222 0.56796875 0.4305555555555556 0.5671875 0.44166666666666665 0.55859375 0.44583333333333336 0.54921875 0.44305555555555554 0.53671875 0.44583333333333336 0.52578125 0.44166666666666665 0.5203125 0.4444444444444444 0.5015625 0.44305555555555554 0.4984375 0.44722222222222224 0.47734375 0.4375 0.475 0.41388888888888886 0.47890625 0.4013888888888889 0.4875 0.4027777777777778 0.50625 0.3958333333333333 0.53984375 0.3958333333333333 0.54375 0.4027777777777778
0 0.54296875 0.5680555555555555 0.5734375 0.5805555555555556 0.5921875 0.6 0.6015625 0.6138888888888889 0.6234375 0.6305555555555555 0.6203125 0.6375 0.575 0.6791666666666667 0.5671875 0.675 0.5515625 0.65 0.51796875 0.6152777777777778 0.50703125 0.6 0.50703125 0.5902777777777778 0.5140625 0.5777777777777777 0.525 0.5722222222222222 0.53359375 0.5736111111111111 0.5421875 0.5680555555555555
0 0.4046875 0.3680555555555556 0.41171875 0.37083333333333335 0.43046875 0.39444444444444443 0.43203125 0.4 0.43125 0.41805555555555557 0.42734375 0.4236111111111111 0.36640625 0.4222222222222222 0.36171875 0.42083333333333334 0.359375 0.4166666666666667 0.35859375 0.3736111111111111 0.40390625 0.3680555555555556
0 0.33125 0.24444444444444444 0.340625 0.24861111111111112 0.34453125 0.25555555555555554 0.34453125 0.2625 0.33046875 0.2638888888888889 0.3265625 0.25972222222222224 0.3125 0.25833333333333336 0.3046875 0.2652777777777778 0.30078125 0.2638888888888889 0.2984375 0.25833333333333336 0.2984375 0.24722222222222223 0.3 0.24583333333333332 0.33046875 0.24444444444444444
0 0.31484375 0.2222222222222222 0.33046875 0.22777777777777777 0.33203125 0.2361111111111111 0.3203125 0.24722222222222223 0.3125 0.24722222222222223 0.31015625 0.24444444444444444 0.30234375 0.24722222222222223 0.3 0.25 0.30234375 0.25833333333333336 0.3 0.25972222222222224 0.3 0.25 0.29609375 0.24722222222222223 0.296875 0.22916666666666666 0.29921875 0.225 0.3078125 0.22083333333333333 0.3140625 0.2222222222222222
0 0.33125 0.1986111111111111 0.34296875 0.20972222222222223 0.34140625 0.21805555555555556 0.33125 0.2263888888888889 0.31796875 0.22361111111111112 0.31015625 0.2152777777777778 0.31015625 0.2125 0.32109375 0.20555555555555555 0.325 0.1986111111111111 0.33046875 0.1986111111111111
0 0.296875 0.17916666666666667 0.30703125 0.18611111111111112 0.3109375 0.19305555555555556 0.29921875 0.19583333333333333 0.29296875 0.2013888888888889 0.2828125 0.19444444444444445 0.278125 0.18472222222222223 0.2875 0.17916666666666667 0.29609375 0.17916666666666667
0 0.30703125 0.18888888888888888 0.321875 0.19583333333333333 0.32421875 0.1986111111111111 0.32421875 0.20277777777777778 0.3125 0.21805555555555556 0.309375 0.21805555555555556 0.29140625 0.2013888888888889 0.29453125 0.19583333333333333 0.30625 0.19027777777777777
0 0.34375 0.26805555555555555 0.35546875 0.2722222222222222 0.36484375 0.2861111111111111 0.36640625 0.2972222222222222 0.375 0.30277777777777776 0.3734375 0.30694444444444446 0.378125 0.30972222222222223 0.34921875 0.30694444444444446 0.33515625 0.31805555555555554 0.328125 0.3138888888888889 0.32265625 0.3 0.33046875 0.29583333333333334 0.32109375 0.2916666666666667 0.32265625 0.28888888888888886 0.33359375 0.2875 0.3390625 0.28194444444444444 0.33671875 0.2777777777777778 0.34453125 0.28055555555555556 0.35234375 0.2777777777777778 0.353125 0.27361111111111114 0.34375 0.2722222222222222 0.34375 0.26944444444444443
0 0.4453125 0.31666666666666665 0.46015625 0.3375 0.4640625 0.3486111111111111 0.453125 0.35555555555555557 0.43203125 0.3611111111111111 0.409375 0.3541666666666667 0.39609375 0.3236111111111111 0.40390625 0.31666666666666665 0.415625 0.3138888888888889 0.44453125 0.31666666666666665
0 0.35234375 0.30416666666666664 0.3765625 0.30972222222222223 0.38671875 0.31527777777777777 0.40390625 0.34305555555555556 0.4046875 0.3527777777777778 0.4015625 0.35694444444444445 0.38515625 0.3611111111111111 0.3515625 0.35694444444444445 0.3484375 0.35138888888888886 0.3453125 0.3347222222222222 0.3375 0.32083333333333336 0.3390625 0.3111111111111111 0.3515625 0.3055555555555556
0 0.33125 0.2569444444444444 0.33828125 0.2611111111111111 0.34140625 0.25833333333333336 0.34375 0.2638888888888889 0.35546875 0.2708333333333333 0.3625 0.28194444444444444 0.36484375 0.2916666666666667 0.3609375 0.2916666666666667 0.359375 0.2875 0.3546875 0.2902777777777778 0.34140625 0.2875 0.33203125 0.2916666666666667 0.3140625 0.2916666666666667 0.31015625 0.28888888888888886 0.30546875 0.28194444444444444 0.3046875 0.2652777777777778 0.31640625 0.25555555555555554 0.33046875 0.2569444444444444
0 0.57890625 0.4388888888888889 0.60234375 0.4625 0.60234375 0.5041666666666667 0.6 0.5083333333333333 0.5640625 0.5125 0.5234375 0.5125 0.5109375 0.5069444444444444 0.50390625 0.49027777777777776 0.503125 0.44166666666666665 0.51171875 0.44027777777777777 0.51640625 0.44583333333333336 0.5234375 0.44722222222222224 0.53515625 0.4444444444444444 0.54921875 0.44722222222222224 0.553125 0.44305555555555554 0.56484375 0.4444444444444444 0.5703125 0.4375 0.578125 0.4388888888888889
0 0.39375 0.25972222222222224 0.40234375 0.26805555555555555 0.409375 0.2791666666666667 0.409375 0.2833333333333333 0.39140625 0.29305555555555557 0.37265625 0.29305555555555557 0.365625 0.2833333333333333 0.35859375 0.26666666666666666 0.359375 0.2625 0.36875 0.25972222222222224 0.37890625 0.2611111111111111 0.3859375 0.2569444444444444 0.39296875 0.25972222222222224
0 0.278125 0.19027777777777777 0.28515625 0.1986111111111111 0.28671875 0.20416666666666666 0.2734375 0.21388888888888888 0.26796875 0.21388888888888888 0.2609375 0.20833333333333334 0.2578125 0.20277777777777778 0.25859375 0.19305555555555556 0.26484375 0.19305555555555556 0.27109375 0.18888888888888888 0.27734375 0.19027777777777777
0 0.41875 0.2847222222222222 0.428125 0.2916666666666667 0.42890625 0.2972222222222222 0.43984375 0.3013888888888889 0.44609375 0.3111111111111111 0.44609375 0.31527777777777777 0.409375 0.3138888888888889 0.39765625 0.32222222222222224 0.38984375 0.3125 0.38828125 0.3 0.39765625 0.2972222222222222 0.39765625 0.29305555555555557 0.4 0.2902777777777778 0.409375 0.2847222222222222 0.41796875 0.2847222222222222