0 0.62578125 0.49583333333333335 0.66640625 0.5361111111111111 0.671875 0.5513888888888889 0.68125 0.5611111111111111 0.68203125 0.5722222222222222 0.67421875 0.5777777777777777 0.61328125 0.5847222222222223 0.6015625 0.5833333333333334 0.59765625 0.575 0.60703125 0.5666666666666667 0.60625 0.5222222222222223 0.6078125 0.5 0.625 0.49583333333333335
0 0.325 0.26666666666666666 0.334375 0.275 0.33828125 0.28194444444444444 0.340625 0.2902777777777778 0.33671875 0.29444444444444445 0.29921875 0.29444444444444445 0.29609375 0.29305555555555557 0.29140625 0.2847222222222222 0.2890625 0.2791666666666667 0.28828125 0.26805555555555555 0.29375 0.2638888888888889 0.3109375 0.25972222222222224 0.32421875 0.26666666666666666
0 0.603125 0.6333333333333333 0.61015625 0.6347222222222222 0.61640625 0.6402777777777777 0.64296875 0.6972222222222222 0.678125 0.7402777777777778 0.68984375 0.7597222222222222 0.69609375 0.7722222222222223 0.69765625 0.7916666666666666 0.69375 0.7986111111111112 0.6328125 0.8027777777777778 0.6203125 0.8111111111111111 0.5953125 0.8208333333333333 0.590625 0.8194444444444444 0.58359375 0.8083333333333333 0.5734375 0.7777777777777778 0.57421875 0.7208333333333333 0.57265625 0.7152777777777778 0.546875 0.6652777777777777 0.54375 0.6513888888888889 0.553125 0.6430555555555556 0.56640625 0.6388888888888888 0.60234375 0.6333333333333333
0 0.534375 0.4166666666666667 0.54375 0.4166666666666667 0.553125 0.425 0.5546875 0.4388888888888889 0.56015625 0.44583333333333336 0.5625 0.4708333333333333 0.5578125 0.4791666666666667 0.5171875 0.48194444444444445 0.5015625 0.48194444444444445 0.49609375 0.4791666666666667 0.49375 0.46944444444444444 0.4828125 0.4513888888888889 0.48125 0.4305555555555556 0.49296875 0.41805555555555557 0.53359375 0.4166666666666667
0 0.284375 0.24444444444444444 0.3046875 0.24444444444444444 0.31328125 0.25833333333333336 0.2875 0.2652777777777778 0.284375 0.25972222222222224 0.284375 0.24583333333333332
0 0.31484375 0.19166666666666668 0.3265625 0.20555555555555555 0.325 0.20972222222222223 0.31484375 0.21805555555555556 0.29921875 0.21666666666666667 0.29375 0.20972222222222223 0.2859375 0.20694444444444443 0.28125 0.1986111111111111 0.28515625 0.19444444444444445 0.2921875 0.19444444444444445 0.30078125 0.18888888888888888 0.3140625 0.19166666666666668
0 0.36484375 0.32222222222222224 0.375 0.3375 0.37578125 0.3486111111111111 0.36953125 0.35694444444444445 0.35390625 0.3625 0.3421875 0.3625 0.33046875 0.35555555555555557 0.31640625 0.32916666666666666 0.315625 0.3236111111111111 0.32421875 0.31666666666666665 0.3578125 0.31666666666666665 0.3640625 0.32222222222222224
0 0.35625 0.24444444444444444 0.36015625 0.25 0.3625 0.2625 0.35546875 0.2708333333333333 0.34453125 0.26666666666666666 0.33671875 0.25555555555555554 0.33671875 0.25 0.340625 0.24583333333333332 0.34765625 0.24305555555555555 0.35546875 0.24444444444444444
0 0.39765625 0.2763888888888889 0.41640625 0.2861111111111111 0.4234375 0.29583333333333334 0.4203125 0.30694444444444446 0.4 0.31666666666666665 0.38984375 0.31527777777777777 0.3796875 0.30416666666666664 0.38125 0.2972222222222222 0.3796875 0.29444444444444445 0.3703125 0.2902777777777778 0.37265625 0.2833333333333333 0.3765625 0.28055555555555556 0.396875 0.2763888888888889
0 0.4296875 0.3125 0.43671875 0.31666666666666665 0.4515625 0.3347222222222222 0.4546875 0.3402777777777778 0.4546875 0.3486111111111111 0.45 0.3541666666666667 0.42265625 0.36527777777777776 0.4140625 0.36527777777777776 0.4078125 0.3611111111111111 0.40390625 0.35555555555555557 0.39921875 0.3402777777777778 0.39140625 0.3277777777777778 0.39140625 0.32222222222222224 0.4203125 0.30972222222222223 0.42890625 0.3125
0 0.3890625 0.2611111111111111 0.3953125 0.2722222222222222 0.39453125 0.2777777777777778 0.3765625 0.28055555555555556 0.3671875 0.29305555555555557 0.359375 0.28888888888888886 0.35625 0.2722222222222222 0.3578125 0.26805555555555555 0.3609375 0.2638888888888889 0.37578125 0.2569444444444444 0.384375 0.2569444444444444 0.38828125 0.2611111111111111
0 0.36796875 0.375 0.40234375 0.37777777777777777 0.4078125 0.39166666666666666 0.4203125 0.4041666666666667 0.42109375 0.42083333333333334 0.4171875 0.4263888888888889 0.375 0.4305555555555556 0.35859375 0.42916666666666664 0.35234375 0.42083333333333334 0.3484375 0.40694444444444444 0.34765625 0.37916666666666665 0.3671875 0.375