0 0.4609375 0.475 0.4734375 0.4791666666666667 0.48984375 0.5125 0.5125 0.5347222222222222 0.5125 0.5388888888888889 0.5046875 0.5486111111111112 0.49296875 0.5569444444444445 0.4828125 0.5597222222222222 0.44453125 0.5583333333333333 0.43828125 0.5513888888888889 0.43203125 0.5388888888888889 0.4234375 0.5319444444444444 0.4171875 0.5166666666666667 0.40703125 0.5041666666666667 0.40390625 0.49583333333333335 0.4078125 0.4888888888888889 0.4265625 0.4791666666666667 0.4421875 0.475 0.46015625 0.475
0 0.3609375 0.25277777777777777 0.36875 0.25972222222222224 0.384375 0.25555555555555554 0.39140625 0.2611111111111111 0.39453125 0.26805555555555555 0.39375 0.2722222222222222 0.3890625 0.27361111111111114 0.37265625 0.27361111111111114 0.3625 0.2833333333333333 0.35546875 0.28194444444444444 0.34375 0.2638888888888889 0.34921875 0.25555555555555554 0.36015625 0.25277777777777777
0 0.47421875 0.3527777777777778 0.4859375 0.36527777777777776 0.48671875 0.38055555555555554 0.48515625 0.3861111111111111 0.48203125 0.3875 0.43125 0.38472222222222224 0.42734375 0.38055555555555554 0.4203125 0.3597222222222222 0.41953125 0.3472222222222222 0.42109375 0.3402777777777778 0.43359375 0.3375 0.4671875 0.3402777777777778 0.4734375 0.3527777777777778
0 0.51953125 0.39166666666666666 0.5296875 0.3958333333333333 0.54765625 0.41388888888888886 0.55078125 0.41944444444444445 0.55234375 0.42916666666666664 0.55078125 0.4388888888888889 0.54765625 0.44305555555555554 0.528125 0.44722222222222224 0.48828125 0.44583333333333336 0.471875 0.43472222222222223 0.4640625 0.4222222222222222 0.4609375 0.42083333333333334 0.459375 0.41388888888888886 0.459375 0.4013888888888889 0.4671875 0.39444444444444443 0.51875 0.39166666666666666
0 0.32734375 0.2722222222222222 0.33984375 0.2847222222222222 0.3421875 0.29305555555555557 0.30234375 0.29444444444444445 0.29609375 0.2916666666666667 0.29296875 0.28194444444444444 0.29375 0.2791666666666667 0.30078125 0.27361111111111114 0.3265625 0.27361111111111114
0 0.3171875 0.2513888888888889 0.3328125 0.2791666666666667 0.3203125 0.275 0.3046875 0.275 0.29296875 0.2791666666666667 0.290625 0.26944444444444443 0.290625 0.25416666666666665 0.29296875 0.25 0.31640625 0.2513888888888889
0 0.3421875 0.3 0.35859375 0.3236111111111111 0.359375 0.3277777777777778 0.353125 0.3333333333333333 0.32265625 0.33194444444444443 0.3140625 0.33611111111111114 0.309375 0.32916666666666666 0.3 0.30277777777777776 0.32421875 0.2986111111111111 0.34140625 0.3
0 0.39765625 0.27361111111111114 0.4046875 0.2763888888888889 0.4140625 0.2875 0.4125 0.29305555555555557 0.3984375 0.29444444444444445 0.371875 0.29305555555555557 0.36640625 0.2916666666666667 0.36328125 0.2861111111111111 0.36484375 0.2791666666666667 0.37109375 0.275 0.396875 0.27361111111111114
0 0.57265625 0.6097222222222223 0.58671875 0.6152777777777778 0.6 0.6291666666666667 0.6265625 0.6430555555555556 0.64921875 0.6666666666666666 0.6609375 0.6708333333333333 0.6609375 0.6763888888888889 0.6578125 0.6819444444444445 0.6375 0.6986111111111111 0.58203125 0.7138888888888889 0.575 0.7097222222222223 0.5640625 0.6916666666666667 0.56171875 0.6833333333333333 0.54375 0.6555555555555556 0.51875 0.6236111111111111 0.521875 0.6194444444444445 0.53203125 0.6152777777777778 0.571875 0.6097222222222223
0 0.4296875 0.2986111111111111 0.44296875 0.3111111111111111 0.44296875 0.33194444444444443 0.4359375 0.33055555555555555 0.415625 0.3375 0.40390625 0.3375 0.3921875 0.32916666666666666 0.3859375 0.3194444444444444 0.3859375 0.30833333333333335 0.39296875 0.3013888888888889 0.40078125 0.2986111111111111 0.41875 0.29583333333333334 0.42890625 0.2986111111111111
0 0.37421875 0.3458333333333333 0.3875 0.3611111111111111 0.40078125 0.37083333333333335 0.403125 0.375 0.403125 0.38333333333333336 0.4 0.3902777777777778 0.39609375 0.39305555555555555 0.3703125 0.3972222222222222 0.35078125 0.3972222222222222 0.334375 0.37916666666666665 0.3296875 0.37083333333333335 0.32890625 0.3625 0.33359375 0.3541666666666667 0.3421875 0.3486111111111111 0.3734375 0.3458333333333333