0 0.31484375 0.24166666666666667 0.32890625 0.24583333333333332 0.34140625 0.2611111111111111 0.34453125 0.26805555555555555 0.34453125 0.27361111111111114 0.3109375 0.2777777777777778 0.30546875 0.2777777777777778 0.2984375 0.2722222222222222 0.29453125 0.25 0.2953125 0.24444444444444444 0.30078125 0.24166666666666667 0.3140625 0.24166666666666667
0 0.490625 0.3597222222222222 0.50078125 0.3638888888888889 0.5125 0.37916666666666665 0.521875 0.3861111111111111 0.52421875 0.4 0.52265625 0.4111111111111111 0.51484375 0.41805555555555557 0.5046875 0.41944444444444445 0.4609375 0.41805555555555557 0.45 0.39305555555555555 0.45 0.37222222222222223 0.45625 0.3625 0.46484375 0.36666666666666664 0.4734375 0.36666666666666664 0.48359375 0.3611111111111111 0.48984375 0.3611111111111111
0 0.365625 0.25555555555555554 0.38359375 0.2611111111111111 0.39296875 0.2722222222222222 0.3859375 0.2791666666666667 0.35546875 0.2847222222222222 0.3484375 0.2722222222222222 0.34765625 0.2611111111111111 0.35234375 0.2569444444444444 0.36484375 0.2569444444444444
0 0.4515625 0.4527777777777778 0.46328125 0.45555555555555555 0.47734375 0.46944444444444444 0.5015625 0.5 0.5015625 0.5055555555555555 0.48203125 0.5180555555555556 0.45234375 0.5208333333333334 0.421875 0.5166666666666667 0.40546875 0.49583333333333335 0.39921875 0.4736111111111111 0.40234375 0.4638888888888889 0.41484375 0.45694444444444443 0.45078125 0.4527777777777778
0 0.4015625 0.35833333333333334 0.403125 0.3638888888888889 0.4109375 0.36666666666666664 0.4140625 0.37222222222222223 0.415625 0.4 0.4109375 0.40555555555555556 0.36328125 0.40555555555555556 0.35546875 0.4013888888888889 0.35546875 0.35694444444444445 0.39453125 0.35555555555555557 0.40078125 0.35833333333333334
0 0.30546875 0.1736111111111111 0.3140625 0.18055555555555555 0.3171875 0.18611111111111112 0.3171875 0.19027777777777777 0.296875 0.2 0.28984375 0.19583333333333333 0.2828125 0.18333333333333332 0.2921875 0.17222222222222222 0.3046875 0.1736111111111111
0 0.3 0.20555555555555555 0.30625 0.21388888888888888 0.29375 0.21944444444444444 0.2859375 0.23055555555555557 0.2796875 0.2222222222222222 0.27578125 0.2222222222222222 0.27578125 0.2125 0.28203125 0.20416666666666666 0.29296875 0.20277777777777778 0.29921875 0.20555555555555555
0 0.6640625 0.5180555555555556 0.6671875 0.5194444444444445 0.6875 0.5513888888888889 0.7140625 0.5805555555555556 0.71640625 0.5861111111111111 0.71640625 0.5930555555555556 0.7125 0.6027777777777777 0.69921875 0.6027777777777777 0.675 0.6180555555555556 0.6578125 0.6222222222222222 0.63359375 0.6222222222222222 0.6265625 0.6194444444444445 0.60546875 0.5819444444444445 0.60390625 0.5736111111111111 0.60703125 0.5638888888888889 0.60625 0.5361111111111111 0.60859375 0.5277777777777778 0.63203125 0.5194444444444445 0.66328125 0.5180555555555556
0 0.28984375 0.2 0.3 0.20833333333333334 0.3 0.2111111111111111 0.28515625 0.2125 0.2734375 0.2222222222222222 0.26640625 0.21805555555555556 0.2609375 0.20972222222222223 0.2609375 0.20555555555555555 0.275 0.1986111111111111 0.2859375 0.19722222222222222 0.2890625 0.2
0 0.35546875 0.2388888888888889 0.36328125 0.24305555555555555 0.365625 0.25416666666666665 0.35234375 0.25972222222222224 0.34453125 0.25833333333333336 0.34296875 0.24444444444444444 0.3484375 0.24027777777777778 0.3546875 0.24027777777777778
0 0.6765625 0.7069444444444445 0.71015625 0.8361111111111111 0.7171875 0.875 0.7328125 0.9083333333333333 0.7421875 0.9375 0.74296875 0.9458333333333333 0.740625 0.9527777777777777 0.7296875 0.9597222222222223 0.71640625 0.9638888888888889 0.6765625 0.9652777777777778 0.6453125 0.9777777777777777 0.6296875 0.9875 0.61796875 0.9875 0.61484375 0.9833333333333333 0.6125 0.9736111111111111 0.61484375 0.9305555555555556 0.61171875 0.9194444444444444 0.609375 0.8972222222222223 0.603125 0.8777777777777778 0.5953125 0.825 0.584375 0.7833333333333333 0.58359375 0.7277777777777777 0.58828125 0.7180555555555556 0.63984375 0.7138888888888889 0.66796875 0.7055555555555556 0.67578125 0.7069444444444445
0 0.41328125 0.2986111111111111 0.4390625 0.3013888888888889 0.44765625 0.31666666666666665 0.44765625 0.32083333333333336 0.44375 0.325 0.415625 0.33194444444444443 0.3859375 0.33055555555555555 0.37890625 0.3236111111111111 0.3765625 0.3125 0.378125 0.30416666666666664 0.3859375 0.3 0.4125 0.2986111111111111
0 0.35703125 0.30416666666666664 0.36953125 0.31666666666666665 0.37421875 0.3277777777777778 0.36015625 0.3388888888888889 0.34296875 0.34305555555555556 0.32421875 0.3388888888888889 0.31484375 0.32222222222222224 0.31484375 0.3138888888888889 0.3328125 0.30277777777777776 0.35625 0.30416666666666664
0 0.28515625 0.16805555555555557 0.296875 0.16805555555555557 0.29921875 0.17222222222222222 0.2953125 0.18194444444444444 0.290625 0.18472222222222223 0.28671875 0.19166666666666668 0.27265625 0.175 0.27578125 0.15833333333333333 0.278125 0.15833333333333333 0.284375 0.16805555555555557
0 0.33984375 0.275 0.3484375 0.28194444444444444 0.35078125 0.28888888888888886 0.34921875 0.29444444444444445 0.30703125 0.29305555555555557 0.30390625 0.2875 0.30390625 0.28194444444444444 0.30703125 0.2791666666666667 0.3390625 0.275
0 0.265625 0.16805555555555557 0.26875 0.17222222222222222 0.26953125 0.17916666666666667 0.25625 0.1875 0.2515625 0.18333333333333332 0.2515625 0.17222222222222222 0.2546875 0.16805555555555557 0.26484375 0.16805555555555557
0 0.26953125 0.17916666666666667 0.2796875 0.18472222222222223 0.2859375 0.19305555555555556 0.2875 0.2 0.27421875 0.20277777777777778 0.26640625 0.2111111111111111 0.25859375 0.20694444444444443 0.25390625 0.1986111111111111 0.253125 0.1875 0.25390625 0.18472222222222223 0.26875 0.17916666666666667
0 0.4078125 0.275 0.42109375 0.2861111111111111 0.42265625 0.28888888888888886 0.421875 0.29305555555555557 0.37109375 0.2916666666666667 0.3703125 0.2847222222222222 0.371875 0.28194444444444444 0.3875 0.2791666666666667 0.39296875 0.27361111111111114 0.40703125 0.275