0 0.47578125 0.35138888888888886 0.49140625 0.35694444444444445 0.50078125 0.3680555555555556 0.5046875 0.36666666666666664 0.5078125 0.37222222222222223 0.51015625 0.38333333333333336 0.509375 0.39444444444444443 0.5078125 0.3972222222222222 0.49609375 0.39861111111111114 0.45546875 0.3972222222222222 0.44453125 0.39305555555555555 0.43671875 0.3861111111111111 0.4359375 0.3680555555555556 0.43828125 0.3541666666666667 0.475 0.35138888888888886
0 0.39765625 0.26944444444444443 0.41328125 0.28888888888888886 0.4140625 0.2916666666666667 0.4109375 0.29444444444444445 0.371875 0.29444444444444445 0.36328125 0.2902777777777778 0.36328125 0.28194444444444444 0.3703125 0.27361111111111114 0.384375 0.26805555555555555 0.396875 0.26944444444444443
0 0.34296875 0.24444444444444444 0.359375 0.24583333333333332 0.3671875 0.2611111111111111 0.378125 0.25416666666666665 0.3828125 0.25555555555555554 0.3859375 0.2638888888888889 0.38359375 0.26805555555555555 0.37578125 0.26944444444444443 0.3625 0.2777777777777778 0.3453125 0.2777777777777778 0.3375 0.27361111111111114 0.334375 0.26805555555555555 0.3328125 0.2513888888888889 0.33515625 0.24722222222222223 0.3421875 0.24444444444444444
0 0.36953125 0.4305555555555556 0.3765625 0.43472222222222223 0.39921875 0.4263888888888889 0.42421875 0.42777777777777776 0.428125 0.43333333333333335 0.440625 0.44027777777777777 0.4546875 0.46111111111111114 0.4625 0.4625 0.4640625 0.46944444444444444 0.46328125 0.48055555555555557 0.45859375 0.4888888888888889 0.45859375 0.4930555555555556 0.42109375 0.49444444444444446 0.41484375 0.49722222222222223 0.3875 0.49444444444444446 0.375 0.4847222222222222 0.36953125 0.4736111111111111 0.36953125 0.44305555555555554 0.371875 0.4375 0.371875 0.43333333333333335 0.36953125 0.43194444444444446
0 0.3515625 0.3541666666666667 0.3890625 0.35694444444444445 0.3953125 0.36666666666666664 0.40234375 0.37222222222222223 0.40390625 0.39166666666666666 0.40078125 0.4 0.37421875 0.4013888888888889 0.34921875 0.4013888888888889 0.33828125 0.3958333333333333 0.33515625 0.35833333333333334 0.3375 0.3541666666666667 0.35078125 0.3541666666666667
0 0.28828125 0.24861111111111112 0.2921875 0.2513888888888889 0.30703125 0.25 0.31484375 0.25277777777777777 0.325 0.26805555555555555 0.3234375 0.2722222222222222 0.3 0.275 0.296875 0.2847222222222222 0.2953125 0.2847222222222222 0.2890625 0.2791666666666667 0.2875 0.27361111111111114 0.28671875 0.25416666666666665 0.28828125 0.25
0 0.27734375 0.18888888888888888 0.28828125 0.1986111111111111 0.29921875 0.21944444444444444 0.29140625 0.21944444444444444 0.27890625 0.2111111111111111 0.26875 0.2222222222222222 0.25859375 0.2125 0.25546875 0.2013888888888889 0.26875 0.1875 0.2765625 0.18888888888888888
0 0.32421875 0.2708333333333333 0.33515625 0.275 0.34609375 0.2875 0.34765625 0.29305555555555557 0.3453125 0.29583333333333334 0.35078125 0.30277777777777776 0.34921875 0.30694444444444446 0.32890625 0.30277777777777776 0.33125 0.3 0.3296875 0.2972222222222222 0.29765625 0.2916666666666667 0.29453125 0.2791666666666667 0.3 0.2722222222222222 0.3234375 0.2708333333333333
0 0.33203125 0.30277777777777776 0.35546875 0.30972222222222223 0.371875 0.33055555555555555 0.37265625 0.3347222222222222 0.36640625 0.3416666666666667 0.35078125 0.3458333333333333 0.3375 0.34444444444444444 0.32109375 0.3375 0.309375 0.31805555555555554 0.30859375 0.30972222222222223 0.31015625 0.30277777777777776 0.33125 0.30277777777777776
0 0.29296875 0.20555555555555555 0.3 0.22083333333333333 0.2828125 0.22777777777777777 0.28125 0.225 0.27109375 0.22777777777777777 0.2671875 0.21944444444444444 0.28125 0.20416666666666666 0.2921875 0.20555555555555555
0 0.62265625 0.6236111111111111 0.6265625 0.6277777777777778 0.63671875 0.6541666666666667 0.64453125 0.6875 0.6515625 0.7055555555555556 0.665625 0.7208333333333333 0.6984375 0.7652777777777777 0.70625 0.7833333333333333 0.70625 0.8 0.7 0.8083333333333333 0.64296875 0.8305555555555556 0.63671875 0.8375 0.60546875 0.8527777777777777 0.5984375 0.8555555555555555 0.5953125 0.8513888888888889 0.5921875 0.8263888888888888 0.58125 0.7972222222222223 0.57734375 0.7791666666666667 0.57890625 0.7638888888888888 0.578125 0.7180555555555556 0.56953125 0.6972222222222222 0.56796875 0.6875 0.56875 0.6736111111111112 0.565625 0.6666666666666666 0.5625 0.6652777777777777 0.5671875 0.6638888888888889 0.56796875 0.6597222222222222 0.56484375 0.6555555555555556 0.55703125 0.6541666666666667 0.621875 0.625
0 0.3109375 0.19166666666666668 0.3265625 0.20555555555555555 0.3265625 0.20972222222222223 0.32421875 0.2125 0.31171875 0.22083333333333333 0.30234375 0.21805555555555556 0.2921875 0.1986111111111111 0.29296875 0.19444444444444445 0.29609375 0.19305555555555556 0.30078125 0.19583333333333333 0.31015625 0.19166666666666668
0 0.434375 0.30277777777777776 0.4453125 0.3125 0.44921875 0.3194444444444444 0.44921875 0.325 0.44453125 0.33194444444444443 0.425 0.3402777777777778 0.40234375 0.3388888888888889 0.38984375 0.3236111111111111 0.3875 0.3125 0.39296875 0.30416666666666664 0.40546875 0.3 0.4265625 0.2986111111111111 0.43359375 0.30277777777777776
0 0.6078125 0.47638888888888886 0.6375 0.5 0.67265625 0.5333333333333333 0.67265625 0.5402777777777777 0.6671875 0.55 0.65078125 0.5583333333333333 0.64609375 0.5638888888888889 0.6171875 0.5722222222222222 0.60703125 0.5722222222222222 0.60546875 0.5680555555555555 0.6078125 0.4777777777777778
0 0.26015625 0.16527777777777777 0.27265625 0.18055555555555555 0.27265625 0.18472222222222223 0.25 0.18333333333333332 0.2484375 0.18055555555555555 0.24921875 0.16527777777777777 0.259375 0.16527777777777777