0 0.340625 0.2625 0.35078125 0.2708333333333333 0.365625 0.29305555555555557 0.3640625 0.29583333333333334 0.365625 0.3 0.359375 0.30694444444444446 0.3359375 0.3138888888888889 0.3265625 0.3111111111111111 0.321875 0.30277777777777776 0.3359375 0.2986111111111111 0.33671875 0.29444444444444445 0.315625 0.29305555555555557 0.3140625 0.28194444444444444 0.315625 0.27361111111111114 0.3234375 0.26666666666666666 0.33984375 0.2625
0 0.3875 0.2638888888888889 0.40078125 0.2708333333333333 0.41796875 0.2861111111111111 0.42265625 0.3013888888888889 0.42109375 0.3055555555555556 0.4140625 0.30833333333333335 0.40078125 0.32083333333333336 0.38984375 0.31805555555555554 0.38671875 0.3138888888888889 0.38359375 0.30694444444444446 0.38515625 0.2972222222222222 0.38359375 0.29444444444444445 0.36640625 0.2902777777777778 0.3578125 0.2763888888888889 0.3625 0.26666666666666666 0.38671875 0.2638888888888889
0 0.44765625 0.30277777777777776 0.45390625 0.32916666666666666 0.46875 0.35138888888888886 0.46796875 0.35555555555555557 0.46171875 0.3597222222222222 0.44921875 0.3625 0.4375 0.3625 0.4390625 0.35833333333333334 0.4375 0.35138888888888886 0.4140625 0.3472222222222222 0.41015625 0.3402777777777778 0.4078125 0.325 0.4109375 0.3138888888888889 0.4203125 0.30972222222222223 0.4265625 0.30277777777777776 0.446875 0.30277777777777776
0 0.30703125 0.19027777777777777 0.31328125 0.1986111111111111 0.30078125 0.20833333333333334 0.2890625 0.20555555555555555 0.2828125 0.19722222222222222 0.2828125 0.19305555555555556 0.28671875 0.1875 0.30625 0.19027777777777777
0 0.49765625 0.3680555555555556 0.50625 0.37083333333333335 0.51015625 0.37916666666666665 0.509375 0.4111111111111111 0.5078125 0.41388888888888886 0.4984375 0.4152777777777778 0.45078125 0.4152777777777778 0.43984375 0.40555555555555556 0.44140625 0.3680555555555556 0.45859375 0.36527777777777776 0.496875 0.3680555555555556
0 0.2828125 0.2013888888888889 0.290625 0.20833333333333334 0.29296875 0.21388888888888888 0.28984375 0.21805555555555556 0.28203125 0.22083333333333333 0.271875 0.22083333333333333 0.26484375 0.21666666666666667 0.26328125 0.2125 0.26328125 0.20833333333333334 0.271875 0.2013888888888889 0.28203125 0.2013888888888889
0 0.378125 0.30416666666666664 0.38828125 0.325 0.39765625 0.3333333333333333 0.39765625 0.34305555555555556 0.3578125 0.3486111111111111 0.34609375 0.3486111111111111 0.34296875 0.3458333333333333 0.33671875 0.32916666666666666 0.33671875 0.32222222222222224 0.34140625 0.3138888888888889 0.359375 0.30833333333333335 0.36328125 0.30277777777777776 0.37734375 0.30416666666666664
0 0.27421875 0.18333333333333332 0.2796875 0.19166666666666668 0.2796875 0.1986111111111111 0.26875 0.20416666666666666 0.25859375 0.20416666666666666 0.25546875 0.19583333333333333 0.25546875 0.18888888888888888 0.25859375 0.18055555555555555 0.2734375 0.18333333333333332
0 0.32265625 0.24722222222222223 0.33671875 0.25 0.33984375 0.25416666666666665 0.3421875 0.2638888888888889 0.32578125 0.26666666666666666 0.3125 0.2763888888888889 0.30234375 0.2722222222222222 0.2984375 0.25833333333333336 0.29921875 0.25416666666666665 0.30234375 0.25 0.321875 0.24722222222222223
0 0.31328125 0.19722222222222222 0.33125 0.20972222222222223 0.3296875 0.21805555555555556 0.31796875 0.22361111111111112 0.30625 0.2222222222222222 0.29765625 0.2125 0.2984375 0.20833333333333334 0.30703125 0.19722222222222222 0.3125 0.19722222222222222
0 0.46328125 0.44166666666666665 0.46953125 0.45 0.47578125 0.4666666666666667 0.48125 0.475 0.48828125 0.47638888888888886 0.48984375 0.4861111111111111 0.4875 0.4930555555555556 0.465625 0.5069444444444444 0.4421875 0.5111111111111111 0.41640625 0.5069444444444444 0.403125 0.47638888888888886 0.39921875 0.4638888888888889 0.3984375 0.45416666666666666 0.4 0.4513888888888889 0.4359375 0.44166666666666665 0.4625 0.44166666666666665
0 0.690625 0.5819444444444445 0.7171875 0.5902777777777778 0.73359375 0.6125 0.75078125 0.6430555555555556 0.76171875 0.6555555555555556 0.76640625 0.6680555555555555 0.76484375 0.6777777777777778 0.75859375 0.6847222222222222 0.6921875 0.6972222222222222 0.62421875 0.6944444444444444 0.609375 0.6625 0.60546875 0.65 0.6046875 0.6361111111111111 0.59609375 0.6125 0.609375 0.6013888888888889 0.61953125 0.6013888888888889 0.63671875 0.5902777777777778 0.66875 0.5875 0.68046875 0.5805555555555556 0.68984375 0.5819444444444445
0 0.36875 0.35138888888888886 0.4078125 0.3541666666666667 0.4171875 0.37083333333333335 0.43046875 0.37222222222222223 0.43203125 0.3902777777777778 0.4296875 0.40694444444444444 0.3859375 0.40555555555555556 0.3671875 0.39305555555555555 0.3609375 0.3736111111111111 0.359375 0.35555555555555557 0.36796875 0.35138888888888886
0 0.6375 0.5027777777777778 0.66640625 0.5361111111111111 0.67578125 0.5416666666666666 0.69296875 0.5680555555555555 0.69140625 0.5722222222222222 0.68671875 0.575 0.65546875 0.5847222222222223 0.6390625 0.5861111111111111 0.621875 0.5944444444444444 0.61171875 0.5916666666666667 0.60625 0.5777777777777777 0.60703125 0.5111111111111111 0.61015625 0.5069444444444444 0.62578125 0.5013888888888889 0.63671875 0.5027777777777778