0 0.39375 0.26805555555555555 0.41015625 0.2791666666666667 0.4140625 0.2861111111111111 0.41328125 0.28888888888888886 0.39765625 0.29305555555555557 0.3703125 0.29305555555555557 0.3640625 0.28888888888888886 0.36328125 0.2847222222222222 0.36640625 0.2791666666666667 0.38203125 0.2708333333333333 0.39296875 0.26944444444444443
0 0.38515625 0.25416666666666665 0.3921875 0.2638888888888889 0.3921875 0.26805555555555555 0.378125 0.2708333333333333 0.36796875 0.2777777777777778 0.3578125 0.2777777777777778 0.35234375 0.27361111111111114 0.3453125 0.2611111111111111 0.34765625 0.25416666666666665 0.36015625 0.25 0.36796875 0.25972222222222224 0.37265625 0.25972222222222224 0.3796875 0.25277777777777777 0.384375 0.25416666666666665
0 0.33359375 0.3486111111111111 0.378125 0.35138888888888886 0.38984375 0.37083333333333335 0.3953125 0.3736111111111111 0.3953125 0.39305555555555555 0.3921875 0.3972222222222222 0.3375 0.3972222222222222 0.33515625 0.39444444444444443 0.3328125 0.375 0.33359375 0.35
0 0.2875 0.1597222222222222 0.29765625 0.17777777777777778 0.2859375 0.1875 0.27578125 0.18194444444444444 0.27109375 0.1736111111111111 0.27109375 0.16805555555555557 0.27578125 0.16111111111111112 0.28671875 0.1597222222222222
0 0.45 0.33055555555555555 0.475 0.34444444444444444 0.47890625 0.35 0.4796875 0.3680555555555556 0.47734375 0.37222222222222223 0.471875 0.3736111111111111 0.43515625 0.3736111111111111 0.425 0.36944444444444446 0.4109375 0.35694444444444445 0.41015625 0.3458333333333333 0.4125 0.33611111111111114 0.4234375 0.33055555555555555 0.44921875 0.33055555555555555
0 0.428125 0.3 0.43984375 0.30972222222222223 0.4421875 0.3138888888888889 0.440625 0.3194444444444444 0.41171875 0.325 0.4046875 0.33055555555555555 0.396875 0.32916666666666666 0.39296875 0.31527777777777777 0.3875 0.30972222222222223 0.38515625 0.30277777777777776 0.40234375 0.2986111111111111 0.42734375 0.3
0 0.36015625 0.24027777777777778 0.3640625 0.24305555555555555 0.36171875 0.25 0.3515625 0.25277777777777777 0.3453125 0.2638888888888889 0.3359375 0.25277777777777777 0.3359375 0.24444444444444444 0.33828125 0.24027777777777778 0.34609375 0.2375 0.359375 0.24027777777777778
0 0.3171875 0.19722222222222222 0.334375 0.20694444444444443 0.3359375 0.2152777777777778 0.33125 0.2222222222222222 0.31640625 0.2263888888888889 0.296875 0.22361111111111112 0.29140625 0.2152777777777778 0.290625 0.20972222222222223 0.2921875 0.20555555555555555 0.28984375 0.20277777777777778 0.28984375 0.2 0.3 0.20277777777777778 0.31328125 0.19583333333333333 0.31640625 0.19722222222222222
0 0.5609375 0.5986111111111111 0.57734375 0.5986111111111111 0.58203125 0.6069444444444444 0.60546875 0.6277777777777778 0.62109375 0.6472222222222223 0.6421875 0.6638888888888889 0.65703125 0.6819444444444445 0.66796875 0.6861111111111111 0.66875 0.6888888888888889 0.66328125 0.7 0.646875 0.7125 0.6265625 0.7180555555555556 0.5984375 0.7347222222222223 0.58203125 0.7402777777777778 0.578125 0.7333333333333333 0.5734375 0.7055555555555556 0.56796875 0.7 0.546875 0.6597222222222222 0.52890625 0.6388888888888888 0.51953125 0.6236111111111111 0.52109375 0.6194444444444445 0.52890625 0.6152777777777778 0.5421875 0.6013888888888889 0.56015625 0.5986111111111111
0 0.328125 0.27361111111111114 0.33515625 0.2902777777777778 0.33359375 0.29305555555555557 0.325 0.29444444444444445 0.29296875 0.29305555555555557 0.28984375 0.275 0.3140625 0.2708333333333333 0.32734375 0.27361111111111114
0 0.2703125 0.2 0.2828125 0.20416666666666666 0.2890625 0.22083333333333333 0.28671875 0.2263888888888889 0.278125 0.225 0.2703125 0.22916666666666666 0.26171875 0.2263888888888889 0.2546875 0.2111111111111111 0.2546875 0.20416666666666666 0.26953125 0.2
0 0.42890625 0.4236111111111111 0.4421875 0.42777777777777776 0.459375 0.4444444444444444 0.46328125 0.4444444444444444 0.4671875 0.45 0.46796875 0.45694444444444443 0.4640625 0.46944444444444444 0.4546875 0.4777777777777778 0.41953125 0.48194444444444445 0.396875 0.48055555555555557 0.39140625 0.47638888888888886 0.378125 0.4597222222222222 0.3765625 0.4388888888888889 0.38125 0.42916666666666664 0.38671875 0.4263888888888889 0.428125 0.4236111111111111
0 0.30078125 0.17777777777777778 0.309375 0.18472222222222223 0.31328125 0.19583333333333333 0.31015625 0.2 0.29921875 0.20277777777777778 0.28671875 0.2 0.28125 0.18472222222222223 0.28515625 0.18472222222222223 0.29296875 0.17777777777777778 0.3 0.17777777777777778
0 0.30546875 0.30277777777777776 0.31640625 0.3 0.35390625 0.30277777777777776 0.37109375 0.3194444444444444 0.37421875 0.3263888888888889 0.37265625 0.3333333333333333 0.36796875 0.33611111111111114 0.32734375 0.3388888888888889 0.321875 0.3347222222222222 0.30703125 0.3138888888888889 0.30546875 0.30416666666666664
0 0.3109375 0.24444444444444444 0.31796875 0.25 0.328125 0.26666666666666666 0.328125 0.2763888888888889 0.30390625 0.27361111111111114 0.29375 0.2777777777777778 0.28984375 0.2763888888888889 0.28828125 0.2722222222222222 0.28828125 0.24861111111111112 0.29921875 0.24305555555555555 0.31015625 0.24444444444444444
0 0.5921875 0.46805555555555556 0.60078125 0.47638888888888886 0.60234375 0.4930555555555556 0.60078125 0.5111111111111111 0.60234375 0.5416666666666666 0.6015625 0.5458333333333333 0.59296875 0.5486111111111112 0.56171875 0.5472222222222223 0.540625 0.5208333333333334 0.5296875 0.5138888888888888 0.5265625 0.5027777777777778 0.52890625 0.4875 0.55078125 0.475 0.5671875 0.46805555555555556 0.59140625 0.46805555555555556