0 0.50859375 0.3763888888888889 0.51796875 0.38055555555555554 0.521875 0.3861111111111111 0.5234375 0.4041666666666667 0.52265625 0.42916666666666664 0.51015625 0.43333333333333335 0.46953125 0.43333333333333335 0.4625 0.4305555555555556 0.4453125 0.41388888888888886 0.440625 0.39444444444444443 0.4421875 0.37916666666666665 0.46171875 0.38055555555555554 0.5078125 0.3763888888888889
0 0.38671875 0.2569444444444444 0.39765625 0.2722222222222222 0.3828125 0.27361111111111114 0.36953125 0.28055555555555556 0.36875 0.2861111111111111 0.3625 0.2861111111111111 0.35234375 0.2763888888888889 0.35 0.2708333333333333 0.3515625 0.2638888888888889 0.36171875 0.25833333333333336 0.37265625 0.2611111111111111 0.3828125 0.25555555555555554 0.3859375 0.2569444444444444
0 0.35859375 0.24444444444444444 0.3625 0.24861111111111112 0.3625 0.25833333333333336 0.34921875 0.26666666666666666 0.3421875 0.2625 0.3390625 0.24861111111111112 0.34453125 0.24444444444444444 0.3578125 0.24444444444444444
0 0.44375 0.45555555555555555 0.46015625 0.45694444444444443 0.48046875 0.49166666666666664 0.4921875 0.5041666666666667 0.49765625 0.5055555555555555 0.4984375 0.5152777777777777 0.484375 0.5319444444444444 0.43203125 0.5361111111111111 0.42109375 0.5333333333333333 0.415625 0.5236111111111111 0.403125 0.5111111111111111 0.40234375 0.5041666666666667 0.39765625 0.5 0.39765625 0.49444444444444446 0.4015625 0.4875 0.3953125 0.475 0.3953125 0.46805555555555556 0.4 0.4597222222222222 0.40546875 0.45694444444444443 0.44296875 0.45555555555555555
0 0.36640625 0.36527777777777776 0.3875 0.36527777777777776 0.396875 0.36944444444444446 0.4109375 0.3680555555555556 0.41328125 0.39305555555555555 0.4125 0.40694444444444444 0.384375 0.4097222222222222 0.35625 0.4083333333333333 0.34765625 0.4027777777777778 0.34375 0.3958333333333333 0.3421875 0.37222222222222223 0.34453125 0.36527777777777776 0.365625 0.36527777777777776
0 0.3125 0.24444444444444444 0.3171875 0.2513888888888889 0.3171875 0.25972222222222224 0.28984375 0.25972222222222224 0.28828125 0.2569444444444444 0.28828125 0.24305555555555555 0.31171875 0.24444444444444444
0 0.32890625 0.2777777777777778 0.33828125 0.2833333333333333 0.34453125 0.2916666666666667 0.34296875 0.29444444444444445 0.2984375 0.29305555555555557 0.2984375 0.28888888888888886 0.30625 0.28194444444444444 0.328125 0.2777777777777778
0 0.4296875 0.3013888888888889 0.44609375 0.3125 0.44921875 0.32083333333333336 0.44765625 0.33055555555555555 0.4296875 0.3402777777777778 0.415625 0.3402777777777778 0.40390625 0.3347222222222222 0.3890625 0.3138888888888889 0.3921875 0.30416666666666664 0.3953125 0.3013888888888889 0.42890625 0.3013888888888889
0 0.35546875 0.30972222222222223 0.371875 0.3375 0.36640625 0.35 0.32421875 0.3472222222222222 0.31015625 0.31666666666666665 0.31015625 0.3111111111111111 0.31953125 0.30694444444444446 0.3546875 0.30972222222222223
0 0.2890625 0.25416666666666665 0.29296875 0.25833333333333336 0.3171875 0.25833333333333336 0.32421875 0.27361111111111114 0.32109375 0.2791666666666667 0.30859375 0.28055555555555556 0.296875 0.2875 0.29375 0.2861111111111111 0.28828125 0.275 0.2890625 0.25555555555555554
0 0.76640625 0.7763888888888889 0.7703125 0.7791666666666667 0.79765625 0.8277777777777777 0.80234375 0.8402777777777778 0.81484375 0.8569444444444444 0.875 0.9569444444444445 0.8859375 0.9902777777777778 0.884375 0.9958333333333333 0.88046875 0.9986111111111111 0.78828125 0.9986111111111111 0.7859375 0.9958333333333333 0.7734375 0.9944444444444445 0.76796875 0.9791666666666666 0.7125 0.8902777777777777 0.71171875 0.8805555555555555 0.70859375 0.8722222222222222 0.69453125 0.85 0.69140625 0.8375 0.6921875 0.8277777777777777 0.70234375 0.8125 0.72421875 0.7986111111111112 0.740625 0.7819444444444444 0.75625 0.775 0.765625 0.7763888888888889
0 0.65859375 0.5319444444444444 0.66484375 0.5361111111111111 0.67890625 0.5597222222222222 0.69375 0.5736111111111111 0.70390625 0.5944444444444444 0.7125 0.6013888888888889 0.71484375 0.6055555555555555 0.71484375 0.6194444444444445 0.71328125 0.6236111111111111 0.70078125 0.625 0.68828125 0.6319444444444444 0.66328125 0.6347222222222222 0.6375 0.6444444444444445 0.625 0.6430555555555556 0.615625 0.6166666666666667 0.5953125 0.5819444444444445 0.59375 0.575 0.60625 0.5694444444444444 0.60625 0.5458333333333333 0.609375 0.5402777777777777 0.6359375 0.5305555555555556 0.6578125 0.5319444444444444
0 0.39921875 0.2722222222222222 0.4078125 0.2791666666666667 0.41484375 0.29305555555555557 0.39921875 0.2972222222222222 0.3890625 0.3125 0.3796875 0.3111111111111111 0.3765625 0.3055555555555556 0.3765625 0.3013888888888889 0.38046875 0.29583333333333334 0.3703125 0.2916666666666667 0.36796875 0.2833333333333333 0.371875 0.2777777777777778 0.38515625 0.2722222222222222 0.3984375 0.2722222222222222