0 0.62265625 0.49444444444444446 0.64140625 0.5083333333333333 0.67265625 0.5472222222222223 0.67890625 0.5583333333333333 0.68359375 0.5597222222222222 0.6890625 0.5666666666666667 0.6875 0.5736111111111111 0.68203125 0.5791666666666667 0.6625 0.5888888888888889 0.6484375 0.5916666666666667 0.61171875 0.5916666666666667 0.5984375 0.5861111111111111 0.59375 0.575 0.603125 0.5708333333333333 0.60703125 0.5611111111111111 0.60625 0.5125 0.60390625 0.5138888888888888 0.60390625 0.5194444444444445 0.6015625 0.5236111111111111 0.60234375 0.5638888888888889 0.5875 0.5652777777777778 0.584375 0.5625 0.58203125 0.55 0.56328125 0.5097222222222222 0.5640625 0.5 0.5796875 0.5013888888888889 0.59375 0.49722222222222223 0.60078125 0.49722222222222223 0.60546875 0.5083333333333333 0.60859375 0.49444444444444446 0.621875 0.49444444444444446
0 0.29375 0.2861111111111111 0.30390625 0.28055555555555556 0.33125 0.2791666666666667 0.3375 0.28888888888888886 0.33359375 0.29583333333333334 0.3359375 0.3 0.33359375 0.3055555555555556 0.309375 0.31527777777777777 0.29765625 0.3 0.30703125 0.29583333333333334 0.29609375 0.29444444444444445 0.29453125 0.2875
0 0.35703125 0.25416666666666665 0.365625 0.2638888888888889 0.38046875 0.2611111111111111 0.38984375 0.2722222222222222 0.3890625 0.2763888888888889 0.37578125 0.28055555555555556 0.36484375 0.2902777777777778 0.35546875 0.2902777777777778 0.34609375 0.2722222222222222 0.346875 0.2611111111111111 0.35234375 0.25416666666666665 0.35625 0.25416666666666665
0 0.4375 0.44305555555555554 0.44375 0.44305555555555554 0.45234375 0.45 0.46015625 0.46111111111111114 0.47578125 0.4722222222222222 0.48828125 0.49027777777777776 0.48828125 0.49722222222222223 0.48515625 0.5027777777777778 0.44296875 0.5180555555555556 0.41484375 0.5166666666666667 0.4046875 0.5013888888888889 0.3890625 0.4875 0.3828125 0.46944444444444444 0.3828125 0.4597222222222222 0.38515625 0.45694444444444443 0.41484375 0.4444444444444444 0.43671875 0.44305555555555554
0 0.48203125 0.3597222222222222 0.5046875 0.375 0.50859375 0.38333333333333336 0.50859375 0.4013888888888889 0.50546875 0.40694444444444444 0.47578125 0.4097222222222222 0.45546875 0.4097222222222222 0.44609375 0.40555555555555556 0.43515625 0.39305555555555555 0.43359375 0.37083333333333335 0.43515625 0.36527777777777776 0.4515625 0.3611111111111111 0.48125 0.3597222222222222
0 0.29375 0.2569444444444444 0.3109375 0.25555555555555554 0.321875 0.2611111111111111 0.33125 0.27361111111111114 0.334375 0.2847222222222222 0.33125 0.2875 0.32109375 0.28194444444444444 0.30703125 0.28055555555555556 0.3 0.2847222222222222 0.296875 0.2902777777777778 0.29296875 0.28888888888888886 0.2890625 0.2791666666666667 0.28828125 0.2611111111111111 0.29296875 0.2569444444444444
0 0.34296875 0.3013888888888889 0.3609375 0.31527777777777777 0.371875 0.3347222222222222 0.3609375 0.35 0.3421875 0.35138888888888886 0.321875 0.35 0.309375 0.32083333333333336 0.3109375 0.3125 0.32421875 0.30833333333333335 0.325 0.3055555555555556 0.32265625 0.30277777777777776 0.328125 0.3 0.3421875 0.3013888888888889
0 0.40078125 0.2777777777777778 0.4140625 0.28888888888888886 0.41640625 0.29305555555555557 0.41484375 0.29583333333333334 0.41875 0.3 0.41796875 0.30277777777777776 0.40078125 0.30277777777777776 0.38828125 0.31527777777777777 0.38046875 0.31527777777777777 0.37265625 0.30833333333333335 0.3703125 0.30277777777777776 0.37265625 0.29583333333333334 0.365625 0.29305555555555557 0.365625 0.28888888888888886 0.38046875 0.2791666666666667 0.3890625 0.2763888888888889 0.4 0.2777777777777778
0 0.3328125 0.3597222222222222 0.365625 0.35694444444444445 0.37265625 0.3611111111111111 0.38203125 0.37222222222222223 0.39765625 0.37222222222222223 0.40078125 0.37916666666666665 0.40078125 0.4097222222222222 0.3984375 0.41388888888888886 0.3421875 0.41388888888888886 0.33359375 0.4097222222222222 0.328125 0.4013888888888889 0.3265625 0.39305555555555555 0.3265625 0.38333333333333336 0.32421875 0.3763888888888889 0.3328125 0.3611111111111111
0 0.3171875 0.2013888888888889 0.32890625 0.20972222222222223 0.33359375 0.21944444444444444 0.33125 0.22361111111111112 0.32109375 0.22916666666666666 0.30390625 0.225 0.296875 0.21388888888888888 0.31640625 0.2013888888888889
0 0.29921875 0.17777777777777778 0.315625 0.2 0.315625 0.20416666666666666 0.30078125 0.2152777777777778 0.2953125 0.21388888888888888 0.28046875 0.19166666666666668 0.2828125 0.17916666666666667 0.2984375 0.17777777777777778
0 0.41796875 0.3013888888888889 0.43203125 0.3055555555555556 0.440625 0.3125 0.44921875 0.325 0.45 0.3388888888888889 0.4453125 0.3416666666666667 0.41328125 0.34444444444444444 0.4 0.3375 0.390625 0.32083333333333336 0.38984375 0.3138888888888889 0.39765625 0.30416666666666664 0.4171875 0.30277777777777776
0 0.68359375 0.5902777777777778 0.69609375 0.5958333333333333 0.70703125 0.5958333333333333 0.7171875 0.6013888888888889 0.7328125 0.6222222222222222 0.76953125 0.6569444444444444 0.79375 0.6902777777777778 0.79296875 0.7027777777777777 0.7875 0.7083333333333334 0.77265625 0.7125 0.75 0.7125 0.72421875 0.7236111111111111 0.69921875 0.7236111111111111 0.6890625 0.7166666666666667 0.675 0.7 0.6609375 0.6777777777777778 0.64375 0.6583333333333333 0.62578125 0.6277777777777778 0.62578125 0.6194444444444445 0.6515625 0.6013888888888889 0.67421875 0.5875 0.6828125 0.5902777777777778