0 0.38828125 0.25277777777777777 0.4015625 0.2722222222222222 0.40078125 0.2777777777777778 0.3734375 0.27361111111111114 0.36328125 0.2791666666666667 0.359375 0.275 0.35703125 0.2652777777777778 0.359375 0.2569444444444444 0.3625 0.25416666666666665 0.3765625 0.2569444444444444 0.3828125 0.2513888888888889 0.3875 0.25277777777777777
0 0.4234375 0.2972222222222222 0.43515625 0.2986111111111111 0.4421875 0.30277777777777776 0.44921875 0.3138888888888889 0.45078125 0.32222222222222224 0.4140625 0.33055555555555555 0.40859375 0.33055555555555555 0.396875 0.32222222222222224 0.38828125 0.3055555555555556 0.40078125 0.2986111111111111 0.42265625 0.2972222222222222
0 0.3609375 0.2388888888888889 0.365625 0.24305555555555555 0.365625 0.25277777777777777 0.3546875 0.2611111111111111 0.34453125 0.25833333333333336 0.33671875 0.24444444444444444 0.3453125 0.2388888888888889 0.36015625 0.2388888888888889
0 0.44921875 0.325 0.45625 0.33055555555555555 0.4703125 0.3347222222222222 0.478125 0.34305555555555556 0.478125 0.3527777777777778 0.4703125 0.3611111111111111 0.44921875 0.3638888888888889 0.41875 0.3638888888888889 0.4078125 0.35833333333333334 0.40625 0.35 0.40703125 0.3402777777777778 0.41171875 0.3347222222222222 0.428125 0.3277777777777778 0.4484375 0.325
0 0.2859375 0.14027777777777778 0.29453125 0.1527777777777778 0.28671875 0.16111111111111112 0.2875 0.17222222222222222 0.2828125 0.17777777777777778 0.27578125 0.17777777777777778 0.2640625 0.17083333333333334 0.2609375 0.1638888888888889 0.2609375 0.15555555555555556 0.2703125 0.14583333333333334 0.28203125 0.1388888888888889 0.28515625 0.14027777777777778
0 0.58125 0.5930555555555556 0.5859375 0.6013888888888889 0.60390625 0.6208333333333333 0.61171875 0.625 0.625 0.6388888888888888 0.66796875 0.6902777777777778 0.64375 0.6986111111111111 0.62421875 0.6972222222222222 0.59375 0.7125 0.5875 0.7125 0.58046875 0.7055555555555556 0.5609375 0.6638888888888889 0.52578125 0.6263888888888889 0.521875 0.6152777777777778 0.52265625 0.6111111111111112 0.53125 0.6055555555555555 0.5546875 0.5972222222222222 0.58046875 0.5930555555555556
0 0.3140625 0.3 0.3625 0.2986111111111111 0.3671875 0.3013888888888889 0.3734375 0.31527777777777777 0.3734375 0.3194444444444444 0.36953125 0.325 0.33046875 0.33055555555555555 0.32734375 0.32916666666666666 0.3140625 0.3013888888888889
0 0.27734375 0.18472222222222223 0.2890625 0.19444444444444445 0.29453125 0.20555555555555555 0.29453125 0.2125 0.290625 0.21805555555555556 0.27578125 0.2222222222222222 0.26875 0.22083333333333333 0.26171875 0.2125 0.259375 0.19722222222222222 0.265625 0.18888888888888888 0.2765625 0.18472222222222223
0 0.3875 0.35 0.39921875 0.36527777777777776 0.4015625 0.36944444444444446 0.4015625 0.375 0.3875 0.3888888888888889 0.37421875 0.39166666666666666 0.3484375 0.39166666666666666 0.3359375 0.375 0.334375 0.36666666666666664 0.33515625 0.35694444444444445 0.34140625 0.35 0.3625 0.3416666666666667 0.38125 0.34305555555555556 0.38671875 0.35
0 0.296875 0.175 0.3140625 0.17916666666666667 0.325 0.19305555555555556 0.32421875 0.1986111111111111 0.3078125 0.20694444444444443 0.296875 0.20555555555555555 0.2890625 0.19305555555555556 0.28046875 0.18472222222222223 0.2796875 0.18194444444444444 0.28359375 0.17777777777777778 0.29609375 0.175
0 0.409375 0.4083333333333333 0.44296875 0.4097222222222222 0.46640625 0.4444444444444444 0.4671875 0.4583333333333333 0.4640625 0.4652777777777778 0.43828125 0.46805555555555556 0.40234375 0.4666666666666667 0.39609375 0.4625 0.3875 0.44722222222222224 0.3859375 0.4083333333333333 0.40859375 0.4083333333333333
0 0.30625 0.24166666666666667 0.309375 0.24444444444444444 0.33203125 0.24444444444444444 0.3359375 0.24722222222222223 0.34609375 0.2638888888888889 0.34609375 0.26666666666666666 0.33515625 0.2638888888888889 0.3234375 0.26666666666666666 0.3171875 0.275 0.31484375 0.2847222222222222 0.2984375 0.2722222222222222 0.296875 0.26666666666666666 0.29609375 0.24444444444444444 0.30546875 0.24166666666666667
0 0.33515625 0.2625 0.3453125 0.2652777777777778 0.35625 0.2791666666666667 0.36015625 0.2861111111111111 0.36015625 0.2916666666666667 0.35703125 0.29305555555555557 0.32265625 0.29305555555555557 0.31640625 0.2902777777777778 0.31171875 0.28194444444444444 0.31484375 0.2722222222222222 0.325 0.2638888888888889 0.334375 0.2625
0 0.390625 0.275 0.40078125 0.2763888888888889 0.4109375 0.28888888888888886 0.40859375 0.29305555555555557 0.40078125 0.29444444444444445 0.36875 0.29305555555555557 0.36484375 0.2902777777777778 0.3625 0.2763888888888889 0.37421875 0.27361111111111114 0.38984375 0.275
0 0.609375 0.4638888888888889 0.6328125 0.4986111111111111 0.6390625 0.5041666666666667 0.64296875 0.5125 0.6421875 0.5194444444444445 0.634375 0.5236111111111111 0.62734375 0.5319444444444444 0.609375 0.5388888888888889 0.60625 0.5347222222222222 0.60625 0.4652777777777778 0.60859375 0.4638888888888889