0 0.5390625 0.42916666666666664 0.55703125 0.42916666666666664 0.571875 0.45 0.5796875 0.45555555555555555 0.5828125 0.46805555555555556 0.5828125 0.48333333333333334 0.5796875 0.4875 0.54453125 0.49027777777777776 0.5140625 0.4875 0.49453125 0.4625 0.4921875 0.45555555555555555 0.49140625 0.44166666666666665 0.49921875 0.43472222222222223 0.5109375 0.4305555555555556 0.53828125 0.42916666666666664
0 0.3140625 0.25833333333333336 0.328125 0.2722222222222222 0.33203125 0.2861111111111111 0.33203125 0.2902777777777778 0.32890625 0.29305555555555557 0.29375 0.29305555555555557 0.28828125 0.2861111111111111 0.28515625 0.26666666666666666 0.28671875 0.25972222222222224 0.28984375 0.2569444444444444 0.31328125 0.25833333333333336
0 0.3828125 0.26666666666666666 0.4078125 0.28194444444444444 0.41015625 0.2902777777777778 0.40078125 0.29444444444444445 0.37421875 0.29444444444444445 0.359375 0.2902777777777778 0.35703125 0.28194444444444444 0.36484375 0.2708333333333333 0.37109375 0.26666666666666666 0.38203125 0.26666666666666666
0 0.3 0.19166666666666668 0.31015625 0.19305555555555556 0.31796875 0.20277777777777778 0.31484375 0.20833333333333334 0.30625 0.21388888888888888 0.30390625 0.21944444444444444 0.3 0.21944444444444444 0.2953125 0.20972222222222223 0.3 0.19305555555555556
0 0.50234375 0.5236111111111111 0.50625 0.5263888888888889 0.53125 0.5638888888888889 0.528125 0.5708333333333333 0.54140625 0.5736111111111111 0.55 0.5791666666666667 0.5546875 0.5833333333333334 0.56015625 0.5944444444444444 0.56015625 0.6041666666666666 0.55703125 0.6069444444444444 0.5171875 0.6194444444444445 0.5 0.6180555555555556 0.475 0.5888888888888889 0.46484375 0.5805555555555556 0.4640625 0.5763888888888888 0.47265625 0.5722222222222222 0.4890625 0.5722222222222222 0.48828125 0.5680555555555555 0.44921875 0.5652777777777778 0.434375 0.5472222222222223 0.43671875 0.5388888888888889 0.45625 0.5277777777777778 0.5015625 0.5236111111111111
0 0.484375 0.35833333333333334 0.48984375 0.36666666666666664 0.48984375 0.4041666666666667 0.48828125 0.4083333333333333 0.484375 0.4097222222222222 0.43046875 0.4097222222222222 0.42734375 0.40694444444444444 0.4265625 0.3902777777777778 0.42734375 0.37083333333333335 0.43828125 0.3611111111111111 0.45546875 0.35694444444444445 0.48359375 0.35833333333333334
0 0.27578125 0.20972222222222223 0.28359375 0.21388888888888888 0.2875 0.22083333333333333 0.28828125 0.22777777777777777 0.2859375 0.23055555555555557 0.27734375 0.2263888888888889 0.26171875 0.23055555555555557 0.25390625 0.21944444444444444 0.253125 0.2152777777777778 0.2546875 0.2125 0.275 0.20972222222222223
0 0.34453125 0.30277777777777776 0.36015625 0.31527777777777777 0.36328125 0.3263888888888889 0.35546875 0.3388888888888889 0.34296875 0.34305555555555556 0.32265625 0.3402777777777778 0.31015625 0.325 0.3046875 0.30972222222222223 0.31484375 0.30277777777777776 0.34375 0.30277777777777776
0 0.31796875 0.20416666666666666 0.32890625 0.20972222222222223 0.33359375 0.21666666666666667 0.33203125 0.2222222222222222 0.3234375 0.225 0.30390625 0.22361111111111112 0.3 0.21805555555555556 0.3 0.20555555555555555 0.30078125 0.2111111111111111 0.30390625 0.21388888888888888 0.3171875 0.20416666666666666
0 0.3 0.18888888888888888 0.30546875 0.19583333333333333 0.303125 0.19583333333333333 0.29609375 0.20972222222222223 0.28203125 0.20694444444444443 0.27734375 0.1986111111111111 0.2765625 0.19166666666666668 0.29140625 0.18194444444444444 0.29609375 0.18333333333333332 0.29921875 0.18888888888888888
0 0.60859375 0.6138888888888889 0.6109375 0.6166666666666667 0.61796875 0.6430555555555556 0.63046875 0.6652777777777777 0.6609375 0.7125 0.675 0.7222222222222222 0.66796875 0.7277777777777777 0.6671875 0.7333333333333333 0.684375 0.7430555555555556 0.68671875 0.7472222222222222 0.68671875 0.7527777777777778 0.6828125 0.7583333333333333 0.640625 0.7736111111111111 0.61875 0.7902777777777777 0.60546875 0.7916666666666666 0.59296875 0.8027777777777778 0.5890625 0.8027777777777778 0.58203125 0.7888888888888889 0.57265625 0.7583333333333333 0.57109375 0.7236111111111111 0.54453125 0.6666666666666666 0.5421875 0.6541666666666667 0.553125 0.6388888888888888 0.6078125 0.6152777777777778
0 0.37578125 0.35694444444444445 0.38359375 0.3638888888888889 0.38828125 0.3736111111111111 0.39765625 0.3736111111111111 0.40078125 0.38333333333333336 0.40078125 0.4027777777777778 0.3984375 0.40694444444444444 0.38515625 0.4097222222222222 0.34453125 0.4097222222222222 0.33984375 0.40694444444444444 0.33828125 0.4 0.33125 0.39861111111111114 0.33046875 0.3958333333333333 0.3296875 0.3611111111111111 0.33125 0.35555555555555557 0.3703125 0.3541666666666667 0.375 0.35694444444444445
0 0.26796875 0.15555555555555556 0.278125 0.1638888888888889 0.278125 0.16805555555555557 0.2703125 0.1763888888888889 0.2640625 0.1763888888888889 0.25390625 0.1625 0.25 0.16111111111111112 0.25390625 0.15555555555555556 0.2671875 0.15555555555555556
0 0.4203125 0.30277777777777776 0.4328125 0.3138888888888889 0.43515625 0.3236111111111111 0.4234375 0.3388888888888889 0.41015625 0.34305555555555556 0.3984375 0.34305555555555556 0.3890625 0.3388888888888889 0.3796875 0.3236111111111111 0.37890625 0.31527777777777777 0.3921875 0.30277777777777776 0.41953125 0.30277777777777776
0 0.3578125 0.25277777777777777 0.365625 0.2625 0.3765625 0.2569444444444444 0.3796875 0.25833333333333336 0.38515625 0.2708333333333333 0.36875 0.2708333333333333 0.35625 0.2847222222222222 0.35078125 0.28194444444444444 0.34765625 0.2708333333333333 0.3421875 0.2638888888888889 0.3453125 0.25555555555555554 0.35703125 0.25277777777777777