0 0.5078125 0.3875 0.52109375 0.39166666666666666 0.546875 0.4166666666666667 0.54765625 0.43194444444444446 0.54609375 0.4375 0.52421875 0.44583333333333336 0.48125 0.44305555555555554 0.46171875 0.41944444444444445 0.459375 0.39305555555555555 0.50703125 0.3875
0 0.38125 0.2569444444444444 0.390625 0.26666666666666666 0.39609375 0.2791666666666667 0.371875 0.2916666666666667 0.35859375 0.2902777777777778 0.35078125 0.2763888888888889 0.35078125 0.26666666666666666 0.35859375 0.25972222222222224 0.3703125 0.2625 0.38046875 0.2569444444444444
0 0.47265625 0.4736111111111111 0.48046875 0.4875 0.49453125 0.5041666666666667 0.5171875 0.5194444444444445 0.525 0.5305555555555556 0.52578125 0.5361111111111111 0.52265625 0.5444444444444444 0.47265625 0.5625 0.4484375 0.5625 0.44140625 0.5597222222222222 0.434375 0.5444444444444444 0.42109375 0.5347222222222222 0.41328125 0.525 0.40390625 0.5055555555555555 0.40390625 0.5 0.41015625 0.49444444444444446 0.46484375 0.4736111111111111 0.471875 0.4736111111111111
0 0.3109375 0.24722222222222223 0.3140625 0.24027777777777778 0.32109375 0.2388888888888889 0.32421875 0.24444444444444444 0.35546875 0.24861111111111112 0.359375 0.2625 0.35234375 0.26666666666666666 0.33046875 0.2652777777777778 0.3171875 0.2569444444444444 0.31171875 0.24861111111111112
0 0.27578125 0.14166666666666666 0.27890625 0.14722222222222223 0.27890625 0.15416666666666667 0.27578125 0.16666666666666666 0.2703125 0.175 0.259375 0.175 0.253125 0.17083333333333334 0.25078125 0.15694444444444444 0.25546875 0.14166666666666666 0.275 0.14166666666666666
0 0.32578125 0.20555555555555555 0.33046875 0.20833333333333334 0.334375 0.21666666666666667 0.33203125 0.22361111111111112 0.321875 0.2263888888888889 0.30390625 0.22361111111111112 0.2953125 0.20833333333333334 0.3046875 0.20972222222222223 0.3140625 0.20416666666666666 0.325 0.20555555555555555
0 0.378125 0.3680555555555556 0.3859375 0.3736111111111111 0.39921875 0.3736111111111111 0.403125 0.37916666666666665 0.40625 0.4041666666666667 0.4046875 0.41944444444444445 0.40078125 0.4222222222222222 0.35 0.4222222222222222 0.34453125 0.41944444444444445 0.33671875 0.40694444444444444 0.334375 0.4 0.3328125 0.37916666666666665 0.3609375 0.36527777777777776 0.37421875 0.36527777777777776 0.37734375 0.3680555555555556
0 0.40234375 0.28055555555555556 0.41640625 0.28888888888888886 0.41953125 0.29305555555555557 0.41875 0.2972222222222222 0.425 0.2986111111111111 0.42890625 0.30694444444444446 0.421875 0.3111111111111111 0.40703125 0.3111111111111111 0.39609375 0.3194444444444444 0.38671875 0.3194444444444444 0.3796875 0.3138888888888889 0.375 0.3013888888888889 0.3796875 0.29583333333333334 0.375 0.2902777777777778 0.38203125 0.2847222222222222 0.4015625 0.28055555555555556
0 0.34375 0.3111111111111111 0.35 0.3125 0.35234375 0.30972222222222223 0.36015625 0.31666666666666665 0.37421875 0.33611111111111114 0.37421875 0.34444444444444444 0.3703125 0.35 0.35546875 0.35555555555555557 0.3296875 0.35555555555555557 0.325 0.35138888888888886 0.32265625 0.34305555555555556 0.31640625 0.3333333333333333 0.315625 0.32222222222222224 0.31875 0.31805555555555554 0.34296875 0.3111111111111111
0 0.31015625 0.25416666666666665 0.33203125 0.2708333333333333 0.33515625 0.2763888888888889 0.33671875 0.2875 0.31328125 0.2875 0.303125 0.2916666666666667 0.2953125 0.28888888888888886 0.28984375 0.2777777777777778 0.2890625 0.2625 0.29296875 0.25833333333333336 0.309375 0.25555555555555554
0 0.33515625 0.2875 0.3390625 0.29305555555555557 0.33359375 0.29444444444444445 0.33359375 0.2972222222222222 0.3484375 0.3 0.35546875 0.3138888888888889 0.33671875 0.3125 0.31796875 0.3194444444444444 0.31015625 0.31666666666666665 0.2984375 0.3 0.3296875 0.2972222222222222 0.32734375 0.29305555555555557 0.30546875 0.29305555555555557 0.31640625 0.28888888888888886 0.334375 0.2875
0 0.77578125 0.7277777777777777 0.784375 0.7472222222222222 0.7875 0.7666666666666667 0.80859375 0.8097222222222222 0.81796875 0.8388888888888889 0.8234375 0.8472222222222222 0.86015625 0.9361111111111111 0.88203125 0.975 0.88203125 0.9833333333333333 0.87890625 0.9875 0.86171875 0.9986111111111111 0.85078125 0.9958333333333333 0.840625 0.9958333333333333 0.83828125 0.9986111111111111 0.79453125 0.9986111111111111 0.79296875 0.9958333333333333 0.78671875 0.9986111111111111 0.7671875 0.9986111111111111 0.7515625 0.9458333333333333 0.74609375 0.9388888888888889 0.7328125 0.9041666666666667 0.721875 0.8819444444444444 0.71953125 0.8777777777777778 0.71328125 0.875 0.7015625 0.8291666666666667 0.68671875 0.8055555555555556 0.6875 0.7972222222222223 0.70546875 0.7833333333333333 0.721875 0.7805555555555556 0.73359375 0.775 0.7421875 0.7611111111111111 0.7703125 0.7277777777777777 0.775 0.7277777777777777
0 0.68046875 0.5486111111111112 0.6859375 0.5541666666666667 0.69921875 0.5805555555555556 0.72734375 0.6222222222222222 0.73125 0.6319444444444444 0.73125 0.6375 0.728125 0.6430555555555556 0.71484375 0.65 0.678125 0.6569444444444444 0.6421875 0.6541666666666667 0.634375 0.65 0.62109375 0.625 0.60625 0.575 0.60625 0.5638888888888889 0.60703125 0.55 0.609375 0.5472222222222223 0.65390625 0.5416666666666666 0.67421875 0.5444444444444444 0.6796875 0.5486111111111112
0 0.43359375 0.30972222222222223 0.44921875 0.3194444444444444 0.46015625 0.33611111111111114 0.46015625 0.3486111111111111 0.43984375 0.35 0.41796875 0.35 0.41171875 0.3472222222222222 0.40546875 0.3416666666666667 0.39609375 0.3236111111111111 0.3984375 0.31527777777777777 0.40390625 0.3111111111111111 0.4328125 0.30972222222222223