0 0.565625 0.425 0.58359375 0.4444444444444444 0.59921875 0.45555555555555555 0.6015625 0.48333333333333334 0.6 0.4861111111111111 0.58828125 0.48333333333333334 0.5515625 0.4875 0.54375 0.4847222222222222 0.534375 0.4861111111111111 0.52109375 0.48055555555555557 0.5015625 0.4625 0.5 0.4597222222222222 0.5 0.4444444444444444 0.50625 0.4361111111111111 0.51875 0.4305555555555556 0.53828125 0.425 0.56484375 0.425
0 0.3875 0.2569444444444444 0.40078125 0.26666666666666666 0.4140625 0.2875 0.4140625 0.2902777777777778 0.40625 0.29305555555555557 0.37578125 0.29305555555555557 0.36015625 0.275 0.36015625 0.2708333333333333 0.36953125 0.2625 0.38671875 0.2569444444444444
0 0.41875 0.38333333333333336 0.42265625 0.3861111111111111 0.44375 0.41944444444444445 0.44296875 0.4263888888888889 0.440625 0.42916666666666664 0.42265625 0.44166666666666665 0.37890625 0.44027777777777777 0.375 0.43333333333333335 0.3671875 0.4027777777777778 0.36953125 0.3861111111111111 0.41796875 0.38333333333333336
0 0.359375 0.24444444444444444 0.365625 0.24722222222222223 0.37109375 0.2611111111111111 0.36328125 0.2777777777777778 0.3515625 0.26944444444444443 0.34296875 0.2513888888888889 0.3453125 0.24444444444444444 0.35859375 0.24444444444444444
0 0.32421875 0.24444444444444444 0.33671875 0.24861111111111112 0.3453125 0.2611111111111111 0.3453125 0.2652777777777778 0.31796875 0.2611111111111111 0.30703125 0.26805555555555555 0.29765625 0.25833333333333336 0.29765625 0.24583333333333332 0.3046875 0.24305555555555555 0.3234375 0.24444444444444444
0 0.621875 0.6291666666666667 0.6296875 0.6416666666666667 0.646875 0.6597222222222222 0.66171875 0.6902777777777778 0.69609375 0.7402777777777778 0.6875 0.7472222222222222 0.63046875 0.7694444444444445 0.62421875 0.7791666666666667 0.603125 0.7986111111111112 0.5953125 0.7958333333333333 0.59296875 0.775 0.58828125 0.7638888888888888 0.58671875 0.7138888888888889 0.57421875 0.6875 0.5671875 0.6777777777777778 0.56015625 0.6569444444444444 0.56796875 0.6430555555555556 0.58828125 0.6291666666666667 0.60390625 0.625 0.6171875 0.625 0.62109375 0.6291666666666667
0 0.3453125 0.26666666666666666 0.36171875 0.28055555555555556 0.365625 0.2861111111111111 0.365625 0.29444444444444445 0.3140625 0.2916666666666667 0.3109375 0.2847222222222222 0.3203125 0.26944444444444443 0.34453125 0.26666666666666666
0 0.33046875 0.2 0.3421875 0.20972222222222223 0.3421875 0.21805555555555556 0.33828125 0.22361111111111112 0.33359375 0.225 0.3171875 0.22361111111111112 0.3109375 0.21666666666666667 0.3125 0.2125 0.321875 0.20694444444444443 0.32421875 0.2013888888888889 0.3296875 0.2
0 0.44609375 0.3236111111111111 0.45703125 0.33611111111111114 0.465625 0.35555555555555557 0.46640625 0.3638888888888889 0.46015625 0.36944444444444446 0.4328125 0.37083333333333335 0.41796875 0.36944444444444446 0.40390625 0.3347222222222222 0.40390625 0.33055555555555555 0.4453125 0.3236111111111111
0 0.36796875 0.31666666666666665 0.38828125 0.32083333333333336 0.40546875 0.3472222222222222 0.4078125 0.35555555555555557 0.40625 0.36527777777777776 0.38671875 0.3736111111111111 0.36015625 0.36944444444444446 0.35390625 0.3638888888888889 0.34453125 0.33055555555555555 0.34453125 0.3236111111111111 0.35390625 0.31666666666666665 0.3671875 0.31666666666666665
0 0.61953125 0.4777777777777778 0.634375 0.49027777777777776 0.66171875 0.525 0.66484375 0.5305555555555556 0.66640625 0.5402777777777777 0.66484375 0.5527777777777778 0.6078125 0.5569444444444445 0.60625 0.5527777777777778 0.60703125 0.4986111111111111 0.60546875 0.49444444444444446 0.603125 0.5083333333333333 0.6046875 0.5180555555555556 0.60234375 0.5375 0.603125 0.5458333333333333 0.60078125 0.5583333333333333 0.55546875 0.5583333333333333 0.5484375 0.5541666666666667 0.54296875 0.5430555555555555 0.5421875 0.5291666666666667 0.5421875 0.5152777777777777 0.54609375 0.5027777777777778 0.5453125 0.49444444444444446 0.5828125 0.4875 0.59921875 0.4875 0.60234375 0.49027777777777776 0.60859375 0.4875 0.6125 0.49027777777777776 0.61875 0.4791666666666667
0 0.27578125 0.1875 0.2859375 0.2 0.2875 0.20694444444444443 0.275 0.2152777777777778 0.26484375 0.21388888888888888 0.26015625 0.20972222222222223 0.2578125 0.20277777777777778 0.26015625 0.19444444444444445 0.26640625 0.19305555555555556 0.271875 0.18611111111111112 0.275 0.1875
0 0.43046875 0.2972222222222222 0.44375 0.30972222222222223 0.446875 0.31666666666666665 0.4453125 0.32222222222222224 0.40390625 0.32916666666666666 0.4 0.3277777777777778 0.39609375 0.32083333333333336 0.39296875 0.30972222222222223 0.39375 0.3013888888888889 0.4296875 0.2972222222222222