0 0.3109375 0.2722222222222222 0.3296875 0.28194444444444444 0.3328125 0.28888888888888886 0.3234375 0.29305555555555557 0.2890625 0.29305555555555557 0.28671875 0.2861111111111111 0.2890625 0.2777777777777778 0.31015625 0.2722222222222222
0 0.44296875 0.33055555555555555 0.44921875 0.34305555555555556 0.4640625 0.3611111111111111 0.465625 0.36944444444444446 0.4609375 0.37777777777777777 0.42890625 0.38055555555555554 0.41796875 0.38055555555555554 0.415625 0.37777777777777777 0.4 0.3416666666666667 0.40390625 0.33611111111111114 0.41796875 0.3333333333333333 0.42578125 0.3277777777777778 0.4421875 0.33055555555555555
0 0.353125 0.25416666666666665 0.35625 0.25555555555555554 0.36015625 0.2638888888888889 0.359375 0.27361111111111114 0.35390625 0.2791666666666667 0.3421875 0.2763888888888889 0.33515625 0.2652777777777778 0.33515625 0.25972222222222224 0.3375 0.2569444444444444 0.35234375 0.25416666666666665
0 0.53125 0.5625 0.55078125 0.5763888888888888 0.5671875 0.6055555555555555 0.596875 0.6347222222222222 0.57734375 0.6555555555555556 0.55078125 0.6652777777777777 0.53828125 0.6652777777777777 0.5234375 0.6486111111111111 0.49765625 0.6263888888888889 0.45859375 0.5833333333333334 0.459375 0.5763888888888888 0.46328125 0.5736111111111111 0.509375 0.5722222222222222 0.5125 0.5694444444444444 0.5109375 0.5666666666666667 0.49609375 0.5638888888888889 0.50703125 0.5583333333333333 0.5203125 0.5583333333333333 0.53046875 0.5625
0 0.3703125 0.39166666666666666 0.415625 0.39305555555555555 0.42109375 0.4097222222222222 0.428125 0.41944444444444445 0.43203125 0.41944444444444445 0.434375 0.43194444444444446 0.43203125 0.4388888888888889 0.421875 0.4486111111111111 0.40703125 0.45 0.371875 0.4486111111111111 0.3671875 0.4361111111111111 0.36015625 0.4263888888888889 0.35859375 0.41944444444444445 0.35859375 0.3958333333333333 0.3625 0.39166666666666666 0.36953125 0.39166666666666666
0 0.271875 0.2222222222222222 0.2828125 0.2263888888888889 0.2859375 0.23055555555555557 0.2859375 0.23472222222222222 0.2828125 0.2375 0.271875 0.2375 0.2671875 0.24166666666666667 0.25625 0.24027777777777778 0.25390625 0.2263888888888889 0.25859375 0.22777777777777777 0.27109375 0.2222222222222222
0 0.54296875 0.425 0.58125 0.4625 0.584375 0.46944444444444444 0.58359375 0.48055555555555557 0.55703125 0.49583333333333335 0.528125 0.5 0.5140625 0.49583333333333335 0.4890625 0.4708333333333333 0.48515625 0.4597222222222222 0.4859375 0.4361111111111111 0.4890625 0.43194444444444446 0.4890625 0.42777777777777776 0.53203125 0.42777777777777776 0.5421875 0.425
0 0.38125 0.27361111111111114 0.39140625 0.28194444444444444 0.3953125 0.28888888888888886 0.39453125 0.29305555555555557 0.390625 0.29444444444444445 0.35625 0.29444444444444445 0.34765625 0.2902777777777778 0.34921875 0.2833333333333333 0.36171875 0.275 0.38046875 0.27361111111111114
0 0.32890625 0.2152777777777778 0.33203125 0.21944444444444444 0.33203125 0.225 0.3234375 0.23055555555555557 0.30859375 0.23055555555555557 0.3 0.22083333333333333 0.30625 0.21388888888888888 0.31640625 0.20972222222222223 0.328125 0.2152777777777778
0 0.340625 0.30277777777777776 0.353125 0.3236111111111111 0.353125 0.33055555555555555 0.3453125 0.3375 0.32109375 0.3388888888888889 0.31015625 0.33611111111111114 0.296875 0.30277777777777776 0.30390625 0.2986111111111111 0.3296875 0.2986111111111111 0.33984375 0.30277777777777776
0 0.41015625 0.3013888888888889 0.4234375 0.3194444444444444 0.425 0.325 0.4234375 0.32916666666666666 0.38671875 0.3402777777777778 0.38046875 0.3375 0.37578125 0.3263888888888889 0.37265625 0.3125 0.375 0.30416666666666664 0.39296875 0.2986111111111111 0.40625 0.2986111111111111 0.409375 0.3013888888888889
0 0.35546875 0.3402777777777778 0.36875 0.3472222222222222 0.378125 0.3638888888888889 0.38671875 0.3736111111111111 0.3890625 0.38333333333333336 0.3859375 0.3875 0.3609375 0.3875 0.3453125 0.39444444444444443 0.33984375 0.39444444444444443 0.33515625 0.3902777777777778 0.33046875 0.375 0.3203125 0.35694444444444445 0.31875 0.3486111111111111 0.32890625 0.3402777777777778 0.3546875 0.3402777777777778
0 0.3046875 0.2569444444444444 0.3078125 0.25833333333333336 0.3140625 0.2722222222222222 0.28984375 0.2777777777777778 0.28359375 0.2722222222222222 0.28203125 0.2652777777777778 0.28359375 0.25972222222222224 0.2875 0.2569444444444444 0.30390625 0.2569444444444444
0 0.7546875 0.725 0.7625 0.7375 0.76953125 0.7569444444444444 0.790625 0.7972222222222223 0.8078125 0.8375 0.825 0.8680555555555556 0.83046875 0.8833333333333333 0.84609375 0.9013888888888889 0.85234375 0.9208333333333333 0.85234375 0.9291666666666667 0.846875 0.9458333333333333 0.8375 0.9583333333333334 0.82734375 0.9833333333333333 0.81875 0.9930555555555556 0.8 0.9944444444444445 0.7953125 0.9986111111111111 0.77421875 0.9986111111111111 0.771875 0.9944444444444445 0.76953125 0.9791666666666666 0.7578125 0.9555555555555556 0.75546875 0.9375 0.7515625 0.9291666666666667 0.74296875 0.9208333333333333 0.70859375 0.8569444444444444 0.70390625 0.8527777777777777 0.6734375 0.8 0.671875 0.7930555555555555 0.6734375 0.7805555555555556 0.67734375 0.775 0.7046875 0.7638888888888888 0.71953125 0.7625 0.734375 0.7402777777777778 0.75 0.725 0.75390625 0.725