0 0.29296875 0.2513888888888889 0.30703125 0.25277777777777777 0.31796875 0.2611111111111111 0.32109375 0.2652777777777778 0.328125 0.28888888888888886 0.30859375 0.29305555555555557 0.2890625 0.2916666666666667 0.28515625 0.2763888888888889 0.28359375 0.25972222222222224 0.28515625 0.25277777777777777 0.2921875 0.25277777777777777
0 0.465625 0.38055555555555554 0.5 0.38055555555555554 0.503125 0.3819444444444444 0.51328125 0.3972222222222222 0.521875 0.39861111111111114 0.521875 0.43333333333333335 0.48046875 0.4361111111111111 0.46015625 0.43333333333333335 0.45625 0.425 0.44765625 0.4152777777777778 0.44765625 0.3861111111111111 0.45 0.3819444444444444 0.46484375 0.38055555555555554
0 0.38125 0.2638888888888889 0.39765625 0.2763888888888889 0.39765625 0.2875 0.38984375 0.29305555555555557 0.36328125 0.29305555555555557 0.35625 0.28888888888888886 0.34921875 0.2791666666666667 0.35 0.2708333333333333 0.3546875 0.26666666666666666 0.38046875 0.2638888888888889
0 0.40703125 0.4486111111111111 0.4453125 0.45 0.453125 0.4638888888888889 0.48046875 0.4888888888888889 0.48125 0.5125 0.4796875 0.5138888888888888 0.3828125 0.5125 0.38046875 0.5041666666666667 0.3828125 0.5013888888888889 0.3875 0.5097222222222222 0.4 0.5097222222222222 0.4015625 0.5041666666666667 0.38046875 0.4736111111111111 0.38046875 0.45 0.40625 0.4486111111111111
0 0.30625 0.19166666666666668 0.31328125 0.1986111111111111 0.31640625 0.20555555555555555 0.30703125 0.20972222222222223 0.3 0.21805555555555556 0.296875 0.21805555555555556 0.28984375 0.20555555555555555 0.2984375 0.19166666666666668 0.30546875 0.19166666666666668
0 0.43203125 0.32083333333333336 0.4390625 0.3263888888888889 0.446875 0.3416666666666667 0.45390625 0.35833333333333334 0.45390625 0.3680555555555556 0.44609375 0.3736111111111111 0.41015625 0.37916666666666665 0.40390625 0.3736111111111111 0.39765625 0.3416666666666667 0.39765625 0.3333333333333333 0.4 0.32916666666666666 0.41796875 0.31805555555555554 0.43125 0.32083333333333336
0 0.353125 0.2513888888888889 0.3578125 0.2652777777777778 0.35390625 0.26805555555555555 0.3484375 0.2791666666666667 0.3421875 0.2763888888888889 0.33515625 0.2611111111111111 0.334375 0.25416666666666665 0.34765625 0.25 0.35234375 0.2513888888888889
0 0.35 0.325 0.36328125 0.33055555555555555 0.36640625 0.33611111111111114 0.36875 0.35138888888888886 0.3796875 0.37222222222222223 0.3765625 0.37916666666666665 0.37109375 0.3819444444444444 0.3328125 0.3888888888888889 0.32734375 0.3888888888888889 0.32265625 0.3819444444444444 0.3234375 0.35833333333333334 0.3140625 0.33194444444444443 0.325 0.3263888888888889 0.34921875 0.325
0 0.29609375 0.18611111111111112 0.29921875 0.19305555555555556 0.290625 0.20694444444444443 0.2765625 0.20277777777777778 0.2734375 0.19583333333333333 0.2734375 0.18888888888888888 0.28515625 0.18055555555555555 0.290625 0.18055555555555555 0.2953125 0.18611111111111112
0 0.51640625 0.5138888888888888 0.521875 0.5305555555555556 0.54296875 0.5680555555555555 0.5578125 0.5736111111111111 0.559375 0.5805555555555556 0.55703125 0.5888888888888889 0.54765625 0.5986111111111111 0.50625 0.6166666666666667 0.49375 0.6152777777777778 0.46171875 0.5833333333333334 0.459375 0.5777777777777777 0.4609375 0.5736111111111111 0.478125 0.5722222222222222 0.478125 0.5694444444444444 0.46796875 0.5652777777777778 0.4453125 0.5638888888888889 0.43828125 0.5444444444444444 0.4453125 0.5361111111111111 0.46953125 0.5208333333333334 0.5046875 0.5125 0.515625 0.5138888888888888
0 0.328125 0.2111111111111111 0.33203125 0.21666666666666667 0.33203125 0.22083333333333333 0.32109375 0.22777777777777777 0.30390625 0.225 0.29921875 0.22083333333333333 0.2984375 0.2152777777777778 0.3125 0.20555555555555555 0.31953125 0.20555555555555555 0.32734375 0.2111111111111111
0 0.4125 0.3013888888888889 0.41953125 0.30972222222222223 0.41953125 0.31527777777777777 0.39453125 0.3333333333333333 0.384375 0.3333333333333333 0.3765625 0.3277777777777778 0.365625 0.30833333333333335 0.365625 0.30277777777777776 0.3734375 0.2986111111111111 0.38984375 0.2972222222222222 0.4046875 0.2972222222222222 0.41171875 0.3013888888888889
0 0.7078125 0.6 0.71484375 0.6125 0.74140625 0.6472222222222223 0.75390625 0.6569444444444444 0.77265625 0.6791666666666667 0.79296875 0.7097222222222223 0.79296875 0.7236111111111111 0.790625 0.7277777777777777 0.76171875 0.7305555555555555 0.73046875 0.7569444444444444 0.6921875 0.7541666666666667 0.6828125 0.7361111111111112 0.6734375 0.7305555555555555 0.66484375 0.7138888888888889 0.63359375 0.6680555555555555 0.62890625 0.6527777777777778 0.6203125 0.6402777777777777 0.6265625 0.6291666666666667 0.65703125 0.6097222222222223 0.67890625 0.6013888888888889 0.70703125 0.6
0 0.33515625 0.2972222222222222 0.34921875 0.30416666666666664 0.35234375 0.3125 0.35 0.32222222222222224 0.328125 0.325 0.3140625 0.33055555555555555 0.29921875 0.30833333333333335 0.29921875 0.3 0.334375 0.2972222222222222