0 0.425 0.3472222222222222 0.428125 0.35 0.45625 0.3486111111111111 0.4625 0.35694444444444445 0.4765625 0.3638888888888889 0.478125 0.3736111111111111 0.47734375 0.3902777777777778 0.4734375 0.39305555555555555 0.4265625 0.39305555555555555 0.41484375 0.37222222222222223 0.415625 0.35138888888888886 0.42421875 0.3486111111111111
0 0.353125 0.25416666666666665 0.3578125 0.2569444444444444 0.36328125 0.2708333333333333 0.36328125 0.2777777777777778 0.35546875 0.2861111111111111 0.34921875 0.2847222222222222 0.3375 0.2708333333333333 0.33828125 0.25833333333333336 0.3453125 0.25416666666666665 0.35234375 0.25416666666666665
0 0.42578125 0.41388888888888886 0.43125 0.4166666666666667 0.44296875 0.4375 0.45234375 0.44166666666666665 0.45390625 0.45694444444444443 0.4390625 0.4736111111111111 0.446875 0.47638888888888886 0.4265625 0.475 0.415625 0.4777777777777778 0.39765625 0.4777777777777778 0.38671875 0.4736111111111111 0.38125 0.4583333333333333 0.371875 0.4444444444444444 0.37265625 0.43194444444444446 0.37578125 0.4263888888888889 0.38828125 0.41805555555555557 0.4109375 0.4125 0.425 0.41388888888888886
0 0.3109375 0.2013888888888889 0.32421875 0.21388888888888888 0.31015625 0.21666666666666667 0.30390625 0.225 0.29609375 0.22083333333333333 0.28984375 0.20833333333333334 0.31015625 0.2013888888888889
0 0.271875 0.1625 0.27421875 0.16805555555555557 0.26171875 0.17777777777777778 0.25546875 0.17083333333333334 0.2546875 0.1638888888888889 0.25625 0.16111111111111112 0.2640625 0.15833333333333333 0.27109375 0.1625
0 0.272265625 0.23472222222222222 0.03203125 0.022222222222222223
0 0.271875 0.20694444444444443 0.2859375 0.2222222222222222 0.28671875 0.22916666666666666 0.2828125 0.225 0.2703125 0.225 0.26953125 0.2222222222222222 0.26796875 0.2263888888888889 0.2546875 0.22777777777777777 0.2484375 0.21388888888888888 0.24921875 0.20555555555555555 0.27109375 0.20694444444444443
0 0.26875 0.1625 0.28046875 0.16805555555555557 0.28671875 0.18194444444444444 0.2859375 0.18472222222222223 0.27578125 0.18611111111111112 0.27109375 0.19166666666666668 0.2671875 0.19027777777777777 0.26171875 0.18055555555555555 0.2609375 0.175 0.26796875 0.16944444444444445 0.26875 0.1638888888888889
0 0.328125 0.21666666666666667 0.3328125 0.21944444444444444 0.334375 0.2263888888888889 0.33125 0.23055555555555557 0.32265625 0.23333333333333334 0.31015625 0.23194444444444445 0.30390625 0.225 0.3125 0.21666666666666667 0.32734375 0.21666666666666667
0 0.296875 0.18888888888888888 0.30703125 0.19444444444444445 0.3109375 0.20277777777777778 0.29609375 0.20972222222222223 0.29375 0.2152777777777778 0.2875 0.20972222222222223 0.284375 0.2013888888888889 0.2921875 0.18888888888888888 0.29609375 0.18888888888888888
0 0.28984375 0.18472222222222223 0.29453125 0.18888888888888888 0.29453125 0.19166666666666668 0.284375 0.20416666666666666 0.2734375 0.20277777777777778 0.27109375 0.2 0.26953125 0.19166666666666668 0.2765625 0.18333333333333332 0.2859375 0.18194444444444444 0.2890625 0.18472222222222223
0 0.33046875 0.3013888888888889 0.34140625 0.3055555555555556 0.3609375 0.33194444444444443 0.3609375 0.3375 0.35625 0.3458333333333333 0.3453125 0.35 0.3171875 0.35 0.31015625 0.3388888888888889 0.303125 0.3125 0.303125 0.30277777777777776 0.3296875 0.3013888888888889
0 0.3171875 0.2777777777777778 0.33046875 0.2847222222222222 0.33515625 0.2916666666666667 0.3328125 0.29444444444444445 0.29609375 0.29305555555555557 0.28984375 0.28888888888888886 0.2890625 0.28055555555555556 0.31640625 0.2777777777777778
0 0.57421875 0.6138888888888889 0.5953125 0.6291666666666667 0.61328125 0.6513888888888889 0.62734375 0.675 0.64375 0.6875 0.6640625 0.7125 0.653125 0.7236111111111111 0.63671875 0.7333333333333333 0.62421875 0.7361111111111112 0.58828125 0.7541666666666667 0.57734375 0.7625 0.56953125 0.7611111111111111 0.56796875 0.7263888888888889 0.55625 0.6986111111111111 0.5359375 0.6625 0.51640625 0.6375 0.5203125 0.6291666666666667 0.540625 0.6166666666666667 0.553125 0.6125 0.5734375 0.6138888888888889
0 0.41171875 0.30277777777777776 0.425 0.31666666666666665 0.4296875 0.3236111111111111 0.43125 0.33055555555555555 0.42265625 0.34305555555555556 0.40234375 0.3458333333333333 0.3875 0.34444444444444444 0.3796875 0.3277777777777778 0.378125 0.31527777777777777 0.38359375 0.30833333333333335 0.39453125 0.30277777777777776 0.4109375 0.30277777777777776
0 0.2796875 0.21805555555555556 0.28515625 0.2222222222222222 0.28828125 0.23333333333333334 0.28359375 0.2375 0.2796875 0.23333333333333334 0.27421875 0.23472222222222222 0.2671875 0.24305555555555555 0.25859375 0.24166666666666667 0.2515625 0.21944444444444444 0.25859375 0.22083333333333333 0.26328125 0.21666666666666667 0.27890625 0.21805555555555556
0 0.30625 0.25555555555555554 0.31171875 0.2569444444444444 0.3171875 0.2777777777777778 0.29921875 0.28055555555555556 0.2921875 0.2847222222222222 0.2859375 0.28055555555555556 0.2828125 0.2611111111111111 0.2890625 0.25555555555555554 0.30546875 0.25555555555555554
0 0.39140625 0.28194444444444444 0.39921875 0.29305555555555557 0.3984375 0.2986111111111111 0.38125 0.30833333333333335 0.3734375 0.31666666666666665 0.36015625 0.30972222222222223 0.3578125 0.3 0.3609375 0.29583333333333334 0.35625 0.29305555555555557 0.35625 0.28888888888888886 0.36484375 0.28055555555555556 0.3765625 0.2777777777777778 0.38359375 0.2777777777777778 0.390625 0.28194444444444444
0 0.58046875 0.4597222222222222 0.5984375 0.475 0.60390625 0.4847222222222222 0.60234375 0.5166666666666667 0.60625 0.5138888888888888 0.60703125 0.49027777777777776 0.61015625 0.49027777777777776 0.62421875 0.5069444444444444 0.625 0.5180555555555556 0.62265625 0.5222222222222223 0.609375 0.5263888888888889 0.60234375 0.5236111111111111 0.6 0.5361111111111111 0.56953125 0.5388888888888889 0.55546875 0.5375 0.5421875 0.5277777777777778 0.51875 0.5027777777777778 0.51484375 0.49444444444444446 0.51484375 0.4861111111111111 0.52421875 0.47638888888888886 0.5546875 0.4583333333333333 0.56953125 0.45555555555555555 0.5796875 0.4597222222222222
0 0.224609375 0.15208333333333332 0.02109375 0.02638888888888889
0 0.3640625 0.35833333333333334 0.37578125 0.3625 0.39140625 0.37916666666666665 0.39921875 0.38055555555555554 0.4015625 0.4 0.4 0.4083333333333333 0.3421875 0.40694444444444444 0.3421875 0.4027777777777778 0.33046875 0.3819444444444444 0.33125 0.36527777777777776 0.3359375 0.3611111111111111 0.36328125 0.35833333333333334