0 0.28203125 0.25416666666666665 0.2859375 0.2513888888888889 0.3109375 0.25416666666666665 0.31640625 0.2611111111111111 0.321875 0.28055555555555556 0.32109375 0.2847222222222222 0.3171875 0.2861111111111111 0.28828125 0.28888888888888886 0.2859375 0.2861111111111111 0.28125 0.2638888888888889 0.28203125 0.25555555555555554
0 0.4921875 0.3736111111111111 0.5015625 0.3861111111111111 0.5015625 0.4097222222222222 0.4984375 0.4125 0.47421875 0.41388888888888886 0.4484375 0.4125 0.43671875 0.40694444444444444 0.434375 0.38472222222222224 0.43515625 0.3736111111111111 0.43828125 0.36944444444444446 0.484375 0.36944444444444446 0.49140625 0.3736111111111111
0 0.35625 0.25972222222222224 0.3640625 0.26666666666666666 0.37421875 0.2611111111111111 0.38046875 0.2611111111111111 0.390625 0.2708333333333333 0.39140625 0.28055555555555556 0.38671875 0.2875 0.3703125 0.2902777777777778 0.35546875 0.28888888888888886 0.34296875 0.2722222222222222 0.346875 0.2638888888888889 0.35546875 0.25972222222222224
0 0.41796875 0.41805555555555557 0.42265625 0.42083333333333334 0.4421875 0.44583333333333336 0.44765625 0.4486111111111111 0.45 0.46111111111111114 0.45 0.4708333333333333 0.44765625 0.4736111111111111 0.42890625 0.4722222222222222 0.42265625 0.475 0.4109375 0.4722222222222222 0.39765625 0.475 0.3828125 0.4708333333333333 0.371875 0.4583333333333333 0.36171875 0.4375 0.36328125 0.4263888888888889 0.3734375 0.41805555555555557 0.4171875 0.41805555555555557
0 0.3 0.18888888888888888 0.31328125 0.20277777777777778 0.29921875 0.2111111111111111 0.296875 0.2152777777777778 0.29296875 0.21388888888888888 0.284375 0.2013888888888889 0.2875 0.19305555555555556 0.29921875 0.18888888888888888
0 0.40546875 0.3 0.4109375 0.3013888888888889 0.4125 0.3111111111111111 0.43046875 0.31527777777777777 0.4421875 0.33611111111111114 0.446875 0.3402777777777778 0.44921875 0.3486111111111111 0.4390625 0.35694444444444445 0.3984375 0.35555555555555557 0.38984375 0.3347222222222222 0.38984375 0.325 0.39453125 0.31805555555555554 0.4046875 0.3138888888888889 0.4078125 0.30972222222222223 0.409375 0.30277777777777776 0.40625 0.3
0 0.48046875 0.46805555555555556 0.484375 0.48194444444444445 0.50078125 0.5111111111111111 0.51171875 0.5152777777777777 0.51328125 0.5194444444444445 0.5125 0.5291666666666667 0.509375 0.5375 0.5046875 0.5402777777777777 0.4796875 0.5527777777777778 0.4609375 0.5569444444444445 0.43515625 0.5541666666666667 0.42890625 0.5375 0.4140625 0.5111111111111111 0.4140625 0.49166666666666664 0.4328125 0.4791666666666667 0.44921875 0.4777777777777778 0.4546875 0.4722222222222222 0.46796875 0.46805555555555556 0.4796875 0.46805555555555556
0 0.34453125 0.3138888888888889 0.35703125 0.3236111111111111 0.36328125 0.3375 0.371875 0.3486111111111111 0.371875 0.3527777777777778 0.35625 0.3625 0.33515625 0.3638888888888889 0.31953125 0.3611111111111111 0.31640625 0.3541666666666667 0.3171875 0.34444444444444444 0.31015625 0.3194444444444444 0.31640625 0.31527777777777777 0.34375 0.3138888888888889
0 0.32734375 0.2111111111111111 0.33125 0.21944444444444444 0.31953125 0.2263888888888889 0.3046875 0.2263888888888889 0.29765625 0.22083333333333333 0.29609375 0.21388888888888888 0.3109375 0.20416666666666666 0.3265625 0.2111111111111111
0 0.3984375 0.2875 0.403125 0.29583333333333334 0.41171875 0.3 0.41328125 0.30416666666666664 0.4125 0.30972222222222223 0.38671875 0.32222222222222224 0.37109375 0.31805555555555554 0.3609375 0.3 0.365625 0.29583333333333334 0.3859375 0.2972222222222222 0.3859375 0.29444444444444445 0.38125 0.2916666666666667 0.38203125 0.28888888888888886 0.39765625 0.2875
0 0.32578125 0.2847222222222222 0.3359375 0.2972222222222222 0.34453125 0.3 0.346875 0.30694444444444446 0.34609375 0.30972222222222223 0.3109375 0.31666666666666665 0.3 0.30972222222222223 0.2953125 0.3 0.296875 0.29305555555555557 0.309375 0.2861111111111111 0.325 0.2847222222222222
0 0.6609375 0.5402777777777777 0.66953125 0.5444444444444444 0.69140625 0.5805555555555556 0.70234375 0.5888888888888889 0.715625 0.6055555555555555 0.72109375 0.6152777777777778 0.72109375 0.6291666666666667 0.71875 0.6319444444444444 0.69921875 0.6333333333333333 0.6640625 0.65 0.64453125 0.6527777777777778 0.6265625 0.6513888888888889 0.59296875 0.5902777777777778 0.58828125 0.5763888888888888 0.590625 0.5736111111111111 0.6046875 0.5722222222222222 0.60859375 0.5597222222222222 0.6375 0.5430555555555555 0.66015625 0.5416666666666666
0 0.344140625 0.26180555555555557 0.02265625 0.02361111111111111