0 0.31171875 0.2569444444444444 0.328125 0.26805555555555555 0.3359375 0.2791666666666667 0.33984375 0.2902777777777778 0.33515625 0.2986111111111111 0.33046875 0.3013888888888889 0.33125 0.30694444444444446 0.3125 0.3111111111111111 0.30625 0.3111111111111111 0.30078125 0.30694444444444446 0.2984375 0.3 0.30390625 0.29583333333333334 0.29375 0.2916666666666667 0.2875 0.2722222222222222 0.2875 0.2652777777777778 0.28984375 0.2625 0.3109375 0.2569444444444444
0 0.38359375 0.2569444444444444 0.3921875 0.27361111111111114 0.3734375 0.275 0.36484375 0.28055555555555556 0.3625 0.2861111111111111 0.35859375 0.2861111111111111 0.34765625 0.2652777777777778 0.3484375 0.2611111111111111 0.35625 0.2569444444444444 0.36328125 0.25972222222222224 0.37265625 0.25972222222222224 0.378125 0.25555555555555554 0.3828125 0.2569444444444444
0 0.54375 0.5763888888888888 0.5625 0.5972222222222222 0.6125 0.6375 0.6234375 0.6541666666666667 0.6234375 0.6625 0.61953125 0.6680555555555555 0.5921875 0.6791666666666667 0.58046875 0.6805555555555556 0.5671875 0.6888888888888889 0.55859375 0.6861111111111111 0.54765625 0.6652777777777777 0.53515625 0.6486111111111111 0.5046875 0.6166666666666667 0.48671875 0.5930555555555556 0.48671875 0.5888888888888889 0.490625 0.5847222222222223 0.53046875 0.575 0.54296875 0.5763888888888888
0 0.478125 0.3875 0.51796875 0.3888888888888889 0.52265625 0.3902777777777778 0.52734375 0.4 0.528125 0.4388888888888889 0.52578125 0.44583333333333336 0.48359375 0.44722222222222224 0.465625 0.4444444444444444 0.45625 0.4263888888888889 0.4546875 0.41805555555555557 0.45625 0.39305555555555555 0.47734375 0.3875
0 0.25546875 0.15833333333333333 0.26015625 0.15555555555555556 0.275 0.15555555555555556 0.2859375 0.16805555555555557 0.28203125 0.16805555555555557 0.26875 0.17777777777777778 0.25625 0.1597222222222222
0 0.2828125 0.24166666666666667 0.30390625 0.24444444444444444 0.31015625 0.25416666666666665 0.30546875 0.25833333333333336 0.2859375 0.25972222222222224 0.28203125 0.24861111111111112 0.2828125 0.24305555555555555
0 0.59453125 0.4597222222222222 0.603125 0.46805555555555556 0.6015625 0.49722222222222223 0.603125 0.5041666666666667 0.6015625 0.5166666666666667 0.603125 0.5208333333333334 0.60234375 0.525 0.5984375 0.5277777777777778 0.55234375 0.5263888888888889 0.53203125 0.5027777777777778 0.525 0.49166666666666664 0.521875 0.48194444444444445 0.521875 0.4722222222222222 0.5234375 0.46944444444444444 0.534375 0.4652777777777778 0.56953125 0.45694444444444443 0.5890625 0.45694444444444443 0.59375 0.4597222222222222
0 0.7203125 0.8611111111111112 0.725 0.8666666666666667 0.73046875 0.8847222222222222 0.72734375 0.9083333333333333 0.7203125 0.9333333333333333 0.72109375 0.9541666666666667 0.72890625 0.9930555555555556 0.72734375 0.9986111111111111 0.7109375 0.9986111111111111 0.71015625 0.9958333333333333 0.6984375 0.9958333333333333 0.6953125 0.9986111111111111 0.671875 0.9986111111111111 0.66953125 0.9958333333333333 0.6203125 0.9986111111111111 0.61875 0.9625 0.5984375 0.8694444444444445 0.6015625 0.8625 0.609375 0.8611111111111112 0.64921875 0.8611111111111112 0.6625 0.8583333333333333 0.71953125 0.8611111111111112
0 0.28359375 0.20833333333333334 0.28828125 0.2152777777777778 0.28671875 0.22361111111111112 0.275 0.22361111111111112 0.265625 0.22916666666666666 0.259375 0.22777777777777777 0.25546875 0.2125 0.26953125 0.20555555555555555 0.2796875 0.20555555555555555 0.2828125 0.20833333333333334
0 0.35 0.30833333333333335 0.36328125 0.31527777777777777 0.37578125 0.3277777777777778 0.37578125 0.33055555555555555 0.3625 0.3458333333333333 0.33828125 0.35 0.3234375 0.34305555555555556 0.31640625 0.3333333333333333 0.31015625 0.31666666666666665 0.31328125 0.3125 0.3265625 0.30833333333333335 0.34921875 0.30833333333333335
0 0.31015625 0.19027777777777777 0.31796875 0.19583333333333333 0.321875 0.20277777777777778 0.321875 0.20555555555555555 0.3109375 0.21944444444444444 0.30390625 0.21944444444444444 0.29609375 0.20694444444444443 0.2921875 0.20555555555555555 0.30234375 0.19027777777777777 0.309375 0.19027777777777777
0 0.31015625 0.25416666666666665 0.328125 0.26805555555555555 0.328125 0.2722222222222222 0.3078125 0.275 0.2984375 0.28194444444444444 0.29453125 0.28888888888888886 0.2890625 0.2791666666666667 0.28828125 0.26666666666666666 0.29453125 0.2611111111111111 0.309375 0.25555555555555554
0 0.43203125 0.30694444444444446 0.44609375 0.3236111111111111 0.446875 0.33194444444444443 0.4359375 0.3416666666666667 0.41640625 0.35 0.4078125 0.35 0.396875 0.34305555555555556 0.38671875 0.3194444444444444 0.39296875 0.3125 0.4109375 0.30277777777777776 0.43125 0.30694444444444446
0 0.28671875 0.16805555555555557 0.2953125 0.175 0.29921875 0.18611111111111112 0.2828125 0.19305555555555556 0.275 0.19027777777777777 0.2703125 0.18194444444444444 0.26953125 0.175 0.28125 0.16666666666666666 0.2859375 0.16805555555555557
0 0.4046875 0.2763888888888889 0.4125 0.28194444444444444 0.41640625 0.28888888888888886 0.41328125 0.29444444444444445 0.371875 0.29444444444444445 0.3625 0.28888888888888886 0.36484375 0.28055555555555556 0.37421875 0.275 0.39765625 0.27361111111111114 0.40390625 0.2763888888888889
0 0.35859375 0.24444444444444444 0.36015625 0.24861111111111112 0.36015625 0.2625 0.35234375 0.2708333333333333 0.34921875 0.26666666666666666 0.33828125 0.2625 0.334375 0.25555555555555554 0.33359375 0.24861111111111112 0.33671875 0.24444444444444444 0.3578125 0.24444444444444444
0 0.35390625 0.3611111111111111 0.38359375 0.3638888888888889 0.40546875 0.3819444444444444 0.40859375 0.3888888888888889 0.41015625 0.4 0.409375 0.41388888888888886 0.40703125 0.41805555555555557 0.34765625 0.4166666666666667 0.34296875 0.4097222222222222 0.340625 0.4 0.340625 0.36666666666666664 0.34140625 0.3638888888888889 0.353125 0.3611111111111111