0 0.33125 0.25277777777777777 0.33828125 0.2569444444444444 0.34375 0.2652777777777778 0.35625 0.2763888888888889 0.3625 0.2875 0.36328125 0.29305555555555557 0.36171875 0.29583333333333334 0.36328125 0.2986111111111111 0.37265625 0.30277777777777776 0.371875 0.30972222222222223 0.35078125 0.31527777777777777 0.33984375 0.32222222222222224 0.33046875 0.32083333333333336 0.32421875 0.31527777777777777 0.32109375 0.30694444444444446 0.321875 0.30277777777777776 0.33359375 0.29583333333333334 0.31796875 0.2916666666666667 0.3125 0.2791666666666667 0.3125 0.26944444444444443 0.33046875 0.25416666666666665
0 0.35546875 0.25416666666666665 0.3625 0.2513888888888889 0.37265625 0.2638888888888889 0.3890625 0.2611111111111111 0.4265625 0.29305555555555557 0.42578125 0.2972222222222222 0.43203125 0.3013888888888889 0.440625 0.3138888888888889 0.43828125 0.31805555555555554 0.41953125 0.3263888888888889 0.40703125 0.3277777777777778 0.396875 0.325 0.38671875 0.30972222222222223 0.384375 0.3 0.38671875 0.2972222222222222 0.4015625 0.2986111111111111 0.40546875 0.2972222222222222 0.40546875 0.29444444444444445 0.3671875 0.2916666666666667 0.35546875 0.2708333333333333 0.35546875 0.25555555555555554
0 0.4 0.3611111111111111 0.4109375 0.3638888888888889 0.425 0.3736111111111111 0.44296875 0.4027777777777778 0.44296875 0.40694444444444444 0.43515625 0.4125 0.4140625 0.4152777777777778 0.390625 0.41388888888888886 0.384375 0.4097222222222222 0.37265625 0.39305555555555555 0.3734375 0.38472222222222224 0.37109375 0.37916666666666665 0.37109375 0.36527777777777776 0.3796875 0.3611111111111111 0.39921875 0.3611111111111111
0 0.2796875 0.18194444444444444 0.2828125 0.17916666666666667 0.2953125 0.18055555555555555 0.31171875 0.19583333333333333 0.31171875 0.2 0.30703125 0.20555555555555555 0.296875 0.2111111111111111 0.2859375 0.2013888888888889 0.27890625 0.18888888888888888 0.2796875 0.18333333333333332
0 0.29765625 0.22083333333333333 0.30078125 0.2263888888888889 0.28984375 0.24444444444444444 0.290625 0.25833333333333336 0.2890625 0.2652777777777778 0.27890625 0.25277777777777777 0.27578125 0.24444444444444444 0.275 0.23472222222222222 0.2765625 0.22777777777777777 0.28046875 0.22361111111111112 0.290625 0.21944444444444444 0.296875 0.22083333333333333
0 0.3953125 0.3458333333333333 0.396875 0.3486111111111111 0.396875 0.35555555555555557 0.3953125 0.35694444444444445 0.36953125 0.35833333333333334 0.3671875 0.3625 0.3671875 0.375 0.36484375 0.37777777777777777 0.35234375 0.37777777777777777 0.34921875 0.37222222222222223 0.35 0.3541666666666667 0.3546875 0.35138888888888886 0.359375 0.34305555555555556 0.39140625 0.34305555555555556 0.39453125 0.3458333333333333
0 0.5171875 0.4027777777777778 0.52578125 0.40555555555555556 0.5296875 0.41944444444444445 0.53984375 0.43333333333333335 0.54609375 0.4375 0.54765625 0.4486111111111111 0.5390625 0.45555555555555555 0.48046875 0.45416666666666666 0.4609375 0.4236111111111111 0.46015625 0.4152777777777778 0.46328125 0.4027777777777778 0.51640625 0.4027777777777778
0 0.28515625 0.20277777777777778 0.2921875 0.20972222222222223 0.29375 0.21666666666666667 0.27734375 0.22361111111111112 0.26640625 0.22083333333333333 0.2640625 0.21666666666666667 0.2640625 0.2111111111111111 0.2765625 0.2013888888888889 0.284375 0.20277777777777778
0 0.3859375 0.3125 0.39921875 0.34305555555555556 0.40546875 0.3458333333333333 0.40546875 0.3486111111111111 0.40078125 0.35138888888888886 0.4015625 0.35555555555555557 0.396875 0.35555555555555557 0.3921875 0.3458333333333333 0.3859375 0.34444444444444444 0.375 0.34444444444444444 0.3703125 0.3486111111111111 0.359375 0.3472222222222222 0.35234375 0.3527777777777778 0.3484375 0.35138888888888886 0.34453125 0.34444444444444444 0.33984375 0.3277777777777778 0.34375 0.32083333333333336 0.37265625 0.3111111111111111 0.38359375 0.30972222222222223 0.38515625 0.3125
0 0.4921875 0.4722222222222222 0.4953125 0.47638888888888886 0.496875 0.4847222222222222 0.5125 0.5125 0.5234375 0.5166666666666667 0.525 0.5194444444444445 0.525 0.5291666666666667 0.52109375 0.5361111111111111 0.4984375 0.5513888888888889 0.4734375 0.5569444444444445 0.44921875 0.5569444444444445 0.44609375 0.5541666666666667 0.42421875 0.5069444444444444 0.42109375 0.49722222222222223 0.42109375 0.49027777777777776 0.428125 0.4847222222222222 0.4484375 0.48194444444444445 0.459375 0.475 0.47578125 0.4708333333333333 0.49140625 0.4722222222222222
0 0.3171875 0.24722222222222223 0.3359375 0.25416666666666665 0.35 0.2722222222222222 0.328125 0.275 0.3171875 0.2861111111111111 0.3 0.2722222222222222 0.2984375 0.2652777777777778 0.2984375 0.25833333333333336 0.303125 0.24722222222222223 0.31640625 0.24722222222222223
0 0.3171875 0.1986111111111111 0.33359375 0.20833333333333334 0.33671875 0.21388888888888888 0.3359375 0.21944444444444444 0.33203125 0.22361111111111112 0.31875 0.225 0.31015625 0.225 0.303125 0.22083333333333333 0.30078125 0.2152777777777778 0.309375 0.1986111111111111 0.31640625 0.1986111111111111
0 0.28203125 0.15694444444444444 0.28359375 0.17222222222222222 0.278125 0.18055555555555555 0.259375 0.1763888888888889 0.2578125 0.16944444444444445 0.2671875 0.15694444444444444 0.27265625 0.15416666666666667 0.2796875 0.15416666666666667 0.28125 0.15694444444444444
0 0.76328125 0.6694444444444444 0.76875 0.6791666666666667 0.77890625 0.7166666666666667 0.8078125 0.7763888888888889 0.81015625 0.7847222222222222 0.8265625 0.8138888888888889 0.82734375 0.8291666666666667 0.8171875 0.8555555555555555 0.796875 0.8611111111111112 0.76796875 0.8833333333333333 0.74765625 0.8847222222222222 0.74140625 0.8888888888888888 0.734375 0.9013888888888889 0.73046875 0.9236111111111112 0.72421875 0.9305555555555556 0.71640625 0.9263888888888889 0.6953125 0.8819444444444444 0.675 0.8180555555555555 0.66328125 0.7944444444444444 0.65078125 0.7611111111111111 0.6484375 0.7402777777777778 0.6515625 0.7333333333333333 0.6671875 0.7388888888888889 0.67265625 0.7347222222222223 0.67890625 0.7375 0.69375 0.725 0.71015625 0.7208333333333333 0.71015625 0.7166666666666667 0.7171875 0.7111111111111111 0.71875 0.7055555555555556 0.72578125 0.7055555555555556 0.7421875 0.6916666666666667 0.7453125 0.6861111111111111 0.746875 0.6763888888888889 0.75234375 0.6763888888888889 0.7625 0.6694444444444444
0 0.68984375 0.5555555555555556 0.70859375 0.5875 0.7359375 0.625 0.740625 0.6333333333333333 0.740625 0.6416666666666667 0.734375 0.6458333333333334 0.728125 0.6458333333333334 0.7140625 0.6569444444444444 0.66015625 0.6638888888888889 0.64609375 0.6625 0.64140625 0.6472222222222223 0.6125 0.6 0.6109375 0.5861111111111111 0.60703125 0.5763888888888888 0.60703125 0.5694444444444444 0.609375 0.5638888888888889 0.640625 0.5541666666666667 0.68203125 0.5513888888888889 0.6890625 0.5555555555555556
0 0.44609375 0.3236111111111111 0.46328125 0.33055555555555555 0.4671875 0.34444444444444444 0.478125 0.35833333333333334 0.478125 0.36666666666666664 0.4765625 0.37222222222222223 0.4703125 0.3763888888888889 0.44921875 0.375 0.44375 0.37777777777777777 0.43203125 0.37777777777777777 0.428125 0.3736111111111111 0.425 0.35833333333333334 0.42109375 0.3541666666666667 0.4203125 0.3347222222222222 0.43515625 0.3236111111111111 0.4453125 0.3236111111111111