0 0.321875 0.24027777777777778 0.33515625 0.2513888888888889 0.3390625 0.25833333333333336 0.33984375 0.26805555555555555 0.3109375 0.2708333333333333 0.3 0.2708333333333333 0.29609375 0.26666666666666666 0.29140625 0.24444444444444444 0.296875 0.24027777777777778 0.32109375 0.24027777777777778
0 0.43125 0.3333333333333333 0.4671875 0.3375 0.48984375 0.3597222222222222 0.490625 0.37777777777777777 0.48828125 0.38333333333333336 0.4546875 0.3888888888888889 0.43671875 0.3861111111111111 0.4265625 0.36944444444444446 0.42421875 0.3597222222222222 0.425 0.3375 0.43046875 0.3333333333333333
0 0.42109375 0.41944444444444445 0.4390625 0.41944444444444445 0.4453125 0.4236111111111111 0.4640625 0.45555555555555555 0.4671875 0.4666666666666667 0.46328125 0.475 0.4578125 0.4777777777777778 0.41875 0.48055555555555557 0.4046875 0.4791666666666667 0.39609375 0.4736111111111111 0.38515625 0.4597222222222222 0.37890625 0.44583333333333336 0.37890625 0.4375 0.3796875 0.42916666666666664 0.3859375 0.42083333333333334 0.4203125 0.41944444444444445
0 0.34765625 0.34305555555555556 0.38515625 0.34444444444444444 0.396875 0.35138888888888886 0.40859375 0.3680555555555556 0.40859375 0.3902777777777778 0.40546875 0.39444444444444443 0.35078125 0.39305555555555555 0.3484375 0.3902777777777778 0.34453125 0.36527777777777776 0.34375 0.34444444444444444 0.346875 0.34305555555555556
0 0.271875 0.19305555555555556 0.28359375 0.19444444444444445 0.29375 0.20277777777777778 0.275 0.21805555555555556 0.26640625 0.2152777777777778 0.26015625 0.20972222222222223 0.25625 0.2013888888888889 0.25703125 0.1986111111111111 0.27109375 0.19305555555555556
0 0.296875 0.20416666666666666 0.30546875 0.20972222222222223 0.3078125 0.21666666666666667 0.29296875 0.2222222222222222 0.28828125 0.22916666666666666 0.28671875 0.24166666666666667 0.28125 0.24166666666666667 0.2765625 0.2375 0.2734375 0.22361111111111112 0.2828125 0.20972222222222223 0.29609375 0.20416666666666666
0 0.5890625 0.6069444444444444 0.603125 0.6222222222222222 0.61640625 0.6277777777777778 0.634375 0.6416666666666667 0.640625 0.6527777777777778 0.65546875 0.6638888888888889 0.66796875 0.6777777777777778 0.671875 0.6875 0.6703125 0.6958333333333333 0.66484375 0.6986111111111111 0.6484375 0.7 0.62265625 0.7083333333333334 0.61171875 0.7152777777777778 0.59140625 0.7347222222222223 0.58515625 0.7319444444444444 0.5796875 0.7125 0.5609375 0.6694444444444444 0.55078125 0.6541666666666667 0.52890625 0.6333333333333333 0.521875 0.6222222222222222 0.53046875 0.6152777777777778 0.559375 0.6041666666666666 0.57421875 0.5944444444444444 0.58125 0.5944444444444444 0.58828125 0.6069444444444444
0 0.3203125 0.19027777777777777 0.33125 0.19722222222222222 0.33828125 0.20694444444444443 0.33828125 0.2125 0.3328125 0.21805555555555556 0.31796875 0.21805555555555556 0.30859375 0.2111111111111111 0.30546875 0.1986111111111111 0.3140625 0.1875 0.31953125 0.19027777777777777
0 0.23046875 0.12361111111111112 0.028125 0.04722222222222222
0 0.3046875 0.17083333333333334 0.31015625 0.1763888888888889 0.31484375 0.18888888888888888 0.30390625 0.2 0.2890625 0.19583333333333333 0.28359375 0.18472222222222223 0.284375 0.17916666666666667 0.28984375 0.1763888888888889 0.29296875 0.17083333333333334 0.2984375 0.16805555555555557 0.30390625 0.17083333333333334
0 0.39765625 0.26944444444444443 0.43828125 0.3013888888888889 0.440625 0.30833333333333335 0.4390625 0.31527777777777777 0.43046875 0.32083333333333336 0.4015625 0.325 0.38359375 0.325 0.3765625 0.32083333333333336 0.3734375 0.31666666666666665 0.371875 0.30277777777777776 0.38203125 0.29583333333333334 0.36953125 0.2902777777777778 0.365625 0.2833333333333333 0.365625 0.2791666666666667 0.36953125 0.275 0.38359375 0.27361111111111114 0.38671875 0.26944444444444443 0.396875 0.26944444444444443
0 0.3546875 0.3 0.3640625 0.3125 0.365625 0.31805555555555554 0.35390625 0.32916666666666666 0.33671875 0.3347222222222222 0.3171875 0.33194444444444443 0.31015625 0.3138888888888889 0.31015625 0.30416666666666664 0.32265625 0.2986111111111111 0.35390625 0.3
0 0.2796875 0.1375 0.2875 0.14583333333333334 0.28671875 0.1527777777777778 0.28203125 0.16111111111111112 0.271875 0.16944444444444445 0.26796875 0.16944444444444445 0.2609375 0.16111111111111112 0.2609375 0.15694444444444444 0.2640625 0.15 0.27890625 0.1375
0 0.3390625 0.26805555555555555 0.35 0.28194444444444444 0.34921875 0.2902777777777778 0.34296875 0.29305555555555557 0.3125 0.29305555555555557 0.3078125 0.2902777777777778 0.303125 0.28055555555555556 0.30390625 0.275 0.31015625 0.2708333333333333 0.33828125 0.26805555555555555
0 0.26484375 0.16527777777777777 0.26875 0.175 0.25859375 0.17916666666666667 0.25546875 0.18333333333333332 0.2515625 0.18055555555555555 0.2515625 0.16805555555555557 0.25703125 0.1625 0.2625 0.1625 0.2640625 0.16527777777777777
0 0.60703125 0.4722222222222222 0.609375 0.4708333333333333 0.61640625 0.475 0.65078125 0.5055555555555555 0.6625 0.5180555555555556 0.665625 0.525 0.665625 0.5347222222222222 0.6625 0.5416666666666666 0.6578125 0.5416666666666666 0.634375 0.5569444444444445 0.60859375 0.5597222222222222 0.60703125 0.5569444444444445 0.60625 0.5375 0.60703125 0.4736111111111111
0 0.34140625 0.24861111111111112 0.3453125 0.25277777777777777 0.36328125 0.2513888888888889 0.36953125 0.2569444444444444 0.3796875 0.2569444444444444 0.38828125 0.26805555555555555 0.3796875 0.2763888888888889 0.353125 0.2791666666666667 0.3453125 0.26666666666666666 0.34140625 0.25
0 0.26875 0.175 0.28046875 0.18472222222222223 0.2875 0.1986111111111111 0.26171875 0.19722222222222222 0.25859375 0.20277777777777778 0.25390625 0.19722222222222222 0.25234375 0.18333333333333332 0.25546875 0.17916666666666667 0.26796875 0.175