0 0.5208333333333334 0 0.5416666666666666 0 0.5541666666666667 0.011111111111111112 0.575 0.03981481481481482 0.5854166666666667 0.062037037037037036 0.5885416666666666 0.08055555555555556 0.5848958333333333 0.15185185185185185 0.5755208333333334 0.1712962962962963 0.5640625 0.2101851851851852 0.5536458333333333 0.21481481481481482 0.5416666666666666 0.2074074074074074 0.5197916666666667 0.2074074074074074 0.5072916666666667 0.20092592592592592 0.4822916666666667 0.16666666666666666 0.47708333333333336 0.1537037037037037 0.47239583333333335 0.10185185185185185 0.47239583333333335 0.07314814814814814 0.47552083333333334 0.05092592592592592 0.4817708333333333 0.03611111111111111 0.5078125 0.009259259259259259 0.5208333333333334 0.000925925925925926
0 0.5484375 0.5453703703703704 0.5708333333333333 0.562962962962963 0.5864583333333333 0.5898148148148148 0.5984375 0.6370370370370371 0.5963541666666666 0.6787037037037037 0.5864583333333333 0.7166666666666667 0.5807291666666666 0.7277777777777777 0.5583333333333333 0.7481481481481481 0.5359375 0.7537037037037037 0.5244791666666667 0.7638888888888888 0.5151041666666667 0.7583333333333333 0.5067708333333333 0.7444444444444445 0.49322916666666666 0.7101851851851851 0.48333333333333334 0.6805555555555556 0.48072916666666665 0.6416666666666667 0.49114583333333334 0.5898148148148148 0.4984375 0.5740740740740741 0.5104166666666666 0.5564814814814815 0.5380208333333333 0.5453703703703704 0.5479166666666667 0.5453703703703704
0 0.2984375 0 0.384375 0 0.37916666666666665 0.018518518518518517 0.37447916666666664 0.025925925925925925 0.35 0.03796296296296296 0.33697916666666666 0.037037037037037035 0.3151041666666667 0.025925925925925925 0.3 0.010185185185185186 0.2984375 0.000925925925925926
0 0.446875 0.37777777777777777 0.44947916666666665 0.37962962962962965 0.4515625 0.39166666666666666 0.4505208333333333 0.4111111111111111 0.4583333333333333 0.41944444444444445 0.46197916666666666 0.4305555555555556 0.4739583333333333 0.44814814814814813 0.48072916666666665 0.4722222222222222 0.4828125 0.487962962962963 0.4822916666666667 0.5203703703703704 0.475 0.5574074074074075 0.4640625 0.5851851851851851 0.4401041666666667 0.6175925925925926 0.42864583333333334 0.6240740740740741 0.39947916666666666 0.6129629629629629 0.39010416666666664 0.6046296296296296 0.37916666666666665 0.5879629629629629 0.36822916666666666 0.5583333333333333 0.3645833333333333 0.5268518518518519 0.3671875 0.5009259259259259 0.36666666666666664 0.48055555555555557 0.3692708333333333 0.4685185185185185 0.384375 0.44074074074074077 0.38697916666666665 0.42962962962962964 0.39375 0.41944444444444445 0.4140625 0.4074074074074074 0.4328125 0.4064814814814815 0.44635416666666666 0.37777777777777777
0 0.5520833333333334 0.9490740740740741 0.5640625 0.9629629629629629 0.5755208333333334 0.9990740740740741 0.49270833333333336 0.9990740740740741 0.49635416666666665 0.9787037037037037 0.50625 0.9666666666666667 0.5354166666666667 0.9490740740740741 0.5515625 0.9490740740740741
0 0.55 0 0.6494791666666667 0 0.65 0.003703703703703704 0.65 0.010185185185185186 0.6473958333333333 0.017592592592592594 0.6328125 0.025 0.625 0.03425925925925926 0.61875 0.03796296296296296 0.5911458333333334 0.041666666666666664 0.5734375 0.030555555555555555 0.55 0.000925925925925926
0 0.43125 0 0.5109375 0 0.5088541666666667 0.007407407407407408 0.48802083333333335 0.02962962962962963 0.4786458333333333 0.03611111111111111 0.46145833333333336 0.03333333333333333 0.45625 0.03518518518518519 0.44947916666666665 0.053703703703703705 0.4427083333333333 0.05092592592592592 0.4390625 0.04259259259259259 0.4354166666666667 0.03148148148148148 0.43125 0.000925925925925926
0 0.6276041666666666 0.8287037037037037 0.6369791666666667 0.8342592592592593 0.65 0.8481481481481481 0.6546875 0.8564814814814815 0.6671875 0.8972222222222223 0.6692708333333334 0.9425925925925925 0.6661458333333333 0.962037037037037 0.6666666666666666 0.975 0.6578125 0.9990740740740741 0.5796875 0.9990740740740741 0.5630208333333333 0.9527777777777777 0.5604166666666667 0.924074074074074 0.5604166666666667 0.8861111111111111 0.5708333333333333 0.8564814814814815 0.5848958333333333 0.8379629629629629 0.5973958333333333 0.8296296296296296 0.6072916666666667 0.825925925925926 0.6270833333333333 0.8287037037037037
0 0.5411458333333333 0.21203703703703702 0.5572916666666666 0.2212962962962963 0.5630208333333333 0.22037037037037038 0.5671875 0.21574074074074073 0.5708333333333333 0.21666666666666667 0.5744791666666667 0.23055555555555557 0.5755208333333334 0.24444444444444444 0.5703125 0.24722222222222223 0.56875 0.2537037037037037 0.5697916666666667 0.29259259259259257 0.5666666666666667 0.32037037037037036 0.5609375 0.32685185185185184 0.55 0.35 0.5307291666666667 0.3638888888888889 0.5052083333333334 0.3611111111111111 0.49166666666666664 0.3527777777777778 0.47552083333333334 0.32037037037037036 0.47604166666666664 0.30185185185185187 0.47291666666666665 0.275 0.47760416666666666 0.25462962962962965 0.4875 0.23055555555555557 0.49270833333333336 0.22314814814814815 0.5135416666666667 0.20925925925925926 0.540625 0.21203703703703702
0 0 0.05648148148148148 0.005208333333333333 0.062037037037037036 0.009375 0.07685185185185185 0.01875 0.0962962962962963 0.026041666666666668 0.13148148148148148 0.0265625 0.14351851851851852 0.0328125 0.1527777777777778 0.036458333333333336 0.17314814814814813 0.034895833333333334 0.18888888888888888 0.029166666666666667 0.20277777777777778 0.0296875 0.23703703703703705 0.0265625 0.25462962962962965 0.022395833333333334 0.25833333333333336 0.014583333333333334 0.25462962962962965 0.0067708333333333336 0.2462962962962963 0 0.2462962962962963 0 0.14537037037037037 0.0036458333333333334 0.1425925925925926 0.005208333333333333 0.13333333333333333 0.0026041666666666665 0.12314814814814815 0.009375 0.10925925925925926 0.00625 0.08148148148148149 0.0020833333333333333 0.06944444444444445 0 0.06851851851851852 0 0.05740740740740741
0 0.5020833333333333 0.7638888888888888 0.5192708333333333 0.7703703703703704 0.534375 0.7888888888888889 0.5473958333333333 0.8138888888888889 0.5526041666666667 0.8518518518518519 0.5526041666666667 0.8824074074074074 0.5421875 0.9296296296296296 0.525 0.9537037037037037 0.5052083333333334 0.962037037037037 0.4822916666666667 0.9564814814814815 0.4552083333333333 0.925 0.446875 0.8972222222222223 0.44479166666666664 0.8759259259259259 0.4453125 0.850925925925926 0.45 0.825 0.453125 0.812962962962963 0.459375 0.8 0.475 0.774074074074074 0.49166666666666664 0.7638888888888888 0.5015625 0.7638888888888888