0 0.5963541666666666 0.2657407407407407 0.6088541666666667 0.2740740740740741 0.6234375 0.29814814814814816 0.6296875 0.32407407407407407 0.6286458333333333 0.36018518518518516 0.6270833333333333 0.3814814814814815 0.6234375 0.38981481481481484 0.6098958333333333 0.4111111111111111 0.5890625 0.42314814814814816 0.5604166666666667 0.41574074074074074 0.5401041666666667 0.39537037037037037 0.5359375 0.387037037037037 0.5322916666666667 0.36666666666666664 0.53125 0.3388888888888889 0.5328125 0.325 0.5390625 0.3037037037037037 0.55625 0.27037037037037037 0.5635416666666667 0.2638888888888889 0.5880208333333333 0.26296296296296295 0.5958333333333333 0.2657407407407407
0 0.21197916666666666 0.9861111111111112 0.22395833333333334 0.9944444444444445 0.225 0.9990740740740741 0.1609375 0.9990740740740741 0.16302083333333334 0.9944444444444445 0.1796875 0.9879629629629629 0.21145833333333333 0.9861111111111112
0 0.4473958333333333 0 0.5515625 0 0.5557291666666667 0.025 0.5520833333333334 0.08148148148148149 0.5479166666666667 0.09166666666666666 0.5447916666666667 0.1111111111111111 0.5375 0.12314814814814815 0.5161458333333333 0.14166666666666666 0.5046875 0.14074074074074075 0.4875 0.13240740740740742 0.46770833333333334 0.12962962962962962 0.4552083333333333 0.10925925925925926 0.4453125 0.08055555555555556 0.44114583333333335 0.053703703703703705 0.44114583333333335 0.027777777777777776 0.4473958333333333 0.000925925925925926
0 0.42291666666666666 0.08055555555555556 0.440625 0.08518518518518518 0.44635416666666666 0.09166666666666666 0.4609375 0.13333333333333333 0.46458333333333335 0.1638888888888889 0.4640625 0.19074074074074074 0.4583333333333333 0.23055555555555557 0.4515625 0.24444444444444444 0.42239583333333336 0.2722222222222222 0.4119791666666667 0.2777777777777778 0.3963541666666667 0.27685185185185185 0.3765625 0.2657407407407407 0.3614583333333333 0.2462962962962963 0.3541666666666667 0.22870370370370371 0.35104166666666664 0.19166666666666668 0.34739583333333335 0.1712962962962963 0.35052083333333334 0.14444444444444443 0.35572916666666665 0.12314814814814815 0.3625 0.10185185185185185 0.36822916666666666 0.09074074074074075 0.384375 0.07685185185185185 0.42239583333333336 0.08055555555555556
0 0.5317708333333333 0.9425925925925925 0.54375 0.95 0.5567708333333333 0.9657407407407408 0.571875 0.9925925925925926 0.571875 0.9990740740740741 0.471875 0.9990740740740741 0.47708333333333336 0.9768518518518519 0.48385416666666664 0.9629629629629629 0.4942708333333333 0.9490740740740741 0.5140625 0.9388888888888889 0.53125 0.9425925925925925
0 0.2916666666666667 0 0.3385416666666667 0 0.3380208333333333 0.004629629629629629 0.334375 0.006481481481481481 0.32916666666666666 0.01574074074074074 0.3203125 0.022222222222222223 0.3078125 0.020370370370370372 0.29270833333333335 0.005555555555555556 0.2916666666666667 0.000925925925925926
0 0.5510416666666667 0.41388888888888886 0.5635416666666667 0.42407407407407405 0.5817708333333333 0.43333333333333335 0.5927083333333333 0.44814814814814813 0.5989583333333334 0.4666666666666667 0.5994791666666667 0.49537037037037035 0.603125 0.5101851851851852 0.6026041666666667 0.5370370370370371 0.5973958333333333 0.5574074074074075 0.59375 0.5842592592592593 0.5854166666666667 0.5916666666666667 0.5776041666666667 0.6064814814814815 0.571875 0.612037037037037 0.5510416666666667 0.6166666666666667 0.5354166666666667 0.6148148148148148 0.5041666666666667 0.5740740740740741 0.496875 0.5518518518518518 0.49375 0.5342592592592592 0.49375 0.48333333333333334 0.4973958333333333 0.47129629629629627 0.525 0.4212962962962963 0.5375 0.41388888888888886 0.5505208333333333 0.41388888888888886
0 0.5791666666666667 0.07685185185185185 0.584375 0.08055555555555556 0.6130208333333333 0.08148148148148149 0.61875 0.09166666666666666 0.6317708333333333 0.10462962962962963 0.6432291666666666 0.14351851851851852 0.6453125 0.19074074074074074 0.6359375 0.22962962962962963 0.6270833333333333 0.24537037037037038 0.6114583333333333 0.25092592592592594 0.6057291666666667 0.262037037037037 0.5958333333333333 0.2537037037037037 0.5796875 0.2518518518518518 0.5666666666666667 0.24074074074074073 0.5583333333333333 0.22407407407407406 0.55 0.1925925925925926 0.5494791666666666 0.13796296296296295 0.5625 0.10462962962962963 0.5786458333333333 0.07685185185185185
0 0.3067708333333333 0.10185185185185185 0.3109375 0.10185185185185185 0.3182291666666667 0.13425925925925927 0.334375 0.1574074074074074 0.3453125 0.1787037037037037 0.35052083333333334 0.23796296296296296 0.3536458333333333 0.2518518518518518 0.35 0.25833333333333336 0.3515625 0.28425925925925927 0.34479166666666666 0.28703703703703703 0.34322916666666664 0.2935185185185185 0.3385416666666667 0.29814814814814816 0.3182291666666667 0.30277777777777776 0.31614583333333335 0.3101851851851852 0.309375 0.3101851851851852 0.303125 0.30277777777777776 0.29010416666666666 0.30185185185185187 0.28125 0.2898148148148148 0.271875 0.26666666666666666 0.2677083333333333 0.2490740740740741 0.26979166666666665 0.21296296296296297 0.28229166666666666 0.17037037037037037 0.3015625 0.13333333333333333 0.3067708333333333 0.10277777777777777
0 0.2526041666666667 0.7981481481481482 0.2796875 0.8212962962962963 0.29635416666666664 0.8490740740740741 0.3 0.8629629629629629 0.3020833333333333 0.8870370370370371 0.296875 0.9287037037037037 0.29010416666666666 0.9462962962962963 0.28072916666666664 0.9611111111111111 0.2791666666666667 0.9712962962962963 0.2755208333333333 0.975925925925926 0.25833333333333336 0.9851851851851852 0.24427083333333333 0.9842592592592593 0.22708333333333333 0.9740740740740741 0.20989583333333334 0.9527777777777777 0.20260416666666667 0.9361111111111111 0.19583333333333333 0.8842592592592593 0.19583333333333333 0.8731481481481481 0.19947916666666668 0.8546296296296296 0.22552083333333334 0.8101851851851852 0.23645833333333333 0.8009259259259259 0.2520833333333333 0.7981481481481482
0 0.2916666666666667 0 0.3411458333333333 0 0.3421875 0.007407407407407408 0.3416666666666667 0.011111111111111112 0.33489583333333334 0.019444444444444445 0.3234375 0.02962962962962963 0.33645833333333336 0.07314814814814814 0.33489583333333334 0.08148148148148149 0.32083333333333336 0.06666666666666667 0.309375 0.030555555555555555 0.3026041666666667 0.017592592592592594 0.29322916666666665 0.006481481481481481 0.2916666666666667 0.000925925925925926
0 0.49635416666666665 0.5777777777777777 0.5046875 0.5861111111111111 0.5151041666666667 0.5907407407407408 0.5260416666666666 0.6101851851851852 0.5328125 0.6259259259259259 0.5359375 0.6527777777777778 0.5333333333333333 0.6768518518518518 0.525 0.7129629629629629 0.5088541666666667 0.737037037037037 0.48489583333333336 0.7435185185185185 0.48072916666666665 0.7425925925925926 0.4578125 0.7129629629629629 0.44583333333333336 0.6814814814814815 0.44427083333333334 0.6675925925925926 0.4479166666666667 0.6537037037037037 0.4473958333333333 0.6305555555555555 0.4578125 0.6074074074074074 0.46197916666666666 0.5879629629629629 0.47239583333333335 0.5824074074074074 0.49583333333333335 0.5777777777777777
0 0.5994791666666667 0.6175925925925926 0.6302083333333334 0.6361111111111111 0.6442708333333333 0.6592592592592592 0.6588541666666666 0.6953703703703704 0.6578125 0.7342592592592593 0.6614583333333334 0.7481481481481481 0.6614583333333334 0.7555555555555555 0.6520833333333333 0.7703703703703704 0.6364583333333333 0.8037037037037037 0.6197916666666666 0.825 0.609375 0.8342592592592593 0.5901041666666667 0.8425925925925926 0.5822916666666667 0.8416666666666667 0.55625 0.8240740740740741 0.5432291666666667 0.8055555555555556 0.5348958333333333 0.7888888888888889 0.5333333333333333 0.7444444444444445 0.534375 0.7129629629629629 0.5395833333333333 0.6722222222222223 0.55 0.6407407407407407 0.5677083333333334 0.6231481481481481 0.5817708333333333 0.6231481481481481 0.5895833333333333 0.6166666666666667 0.5989583333333334 0.6175925925925926
0 0.42604166666666665 0.6444444444444445 0.43125 0.6472222222222223 0.4390625 0.6592592592592592 0.44427083333333334 0.6851851851851852 0.453125 0.7083333333333334 0.45729166666666665 0.7268518518518519 0.46041666666666664 0.7666666666666667 0.45677083333333335 0.8342592592592593 0.4515625 0.837037037037037 0.4510416666666667 0.8203703703703704 0.44635416666666666 0.8092592592592592 0.4427083333333333 0.8101851851851852 0.4317708333333333 0.8296296296296296 0.4088541666666667 0.8435185185185186 0.3963541666666667 0.8435185185185186 0.371875 0.8333333333333334 0.36614583333333334 0.85 0.33958333333333335 0.8972222222222223 0.33489583333333334 0.8907407407407407 0.334375 0.8842592592592593 0.34791666666666665 0.8435185185185186 0.35260416666666666 0.8194444444444444 0.34739583333333335 0.7675925925925926 0.3572916666666667 0.7 0.3619791666666667 0.6851851851851852 0.37552083333333336 0.6592592592592592 0.38645833333333335 0.6481481481481481 0.4083333333333333 0.6425925925925926 0.42552083333333335 0.6444444444444445
0 0 0.05555555555555555 0.005208333333333333 0.06111111111111111 0.015625 0.09074074074074075 0.025520833333333333 0.12314814814814815 0.027083333333333334 0.14444444444444443 0.034375 0.15833333333333333 0.0375 0.16944444444444445 0.036458333333333336 0.18333333333333332 0.0265625 0.20833333333333334 0.027604166666666666 0.23703703703703705 0.026041666666666668 0.25555555555555554 0.022395833333333334 0.25833333333333336 0.0067708333333333336 0.24814814814814815 0 0.2490740740740741 0 0.14444444444444443 0.0020833333333333333 0.14351851851851852 0.003125 0.13703703703703704 0.003125 0.12685185185185185 0 0.12407407407407407 0 0.1111111111111111 0.005729166666666666 0.11296296296296296 0.0078125 0.10648148148148148 0.007291666666666667 0.09166666666666666 0.003125 0.08148148148148149 0.0020833333333333333 0.0712962962962963 0 0.07037037037037037 0 0.05648148148148148
0 0.5078125 0.14629629629629629 0.5229166666666667 0.15 0.5401041666666667 0.16574074074074074 0.5427083333333333 0.1712962962962963 0.5505208333333333 0.21388888888888888 0.5546875 0.22685185185185186 0.5552083333333333 0.24722222222222223 0.5505208333333333 0.26851851851851855 0.5328125 0.3055555555555556 0.5234375 0.3175925925925926 0.515625 0.3212962962962963 0.48802083333333335 0.3175925925925926 0.47604166666666664 0.30092592592592593 0.4666666666666667 0.2935185185185185 0.4630208333333333 0.2833333333333333 0.4583333333333333 0.24444444444444444 0.4635416666666667 0.2222222222222222 0.465625 0.19722222222222222 0.46927083333333336 0.1787037037037037 0.48802083333333335 0.15185185185185185 0.4973958333333333 0.14629629629629629 0.5072916666666667 0.14629629629629629